timestamp,symbol,base_asset,quote_asset,sum_open_interest,sum_open_interest_value
2026-04-05 20:00:00+00:00,VIRTUALUSDT,VIRTUAL,USDT,25408842.6,15578962.53886718
2026-04-05 21:00:00+00:00,VIRTUALUSDT,VIRTUAL,USDT,25504199.5,15696506.78858203
2026-04-05 22:00:00+00:00,VIRTUALUSDT,VIRTUAL,USDT,25548353.8,15691798.90396
2026-04-05 23:00:00+00:00,VIRTUALUSDT,VIRTUAL,USDT,25516746.1,15973483.0586
2026-04-06 00:00:00+00:00,VIRTUALUSDT,VIRTUAL,USDT,25020241.4,15987934.2546
2026-04-06 01:00:00+00:00,VIRTUALUSDT,VIRTUAL,USDT,24755363.3,15912747.52924
2026-04-06 02:00:00+00:00,VIRTUALUSDT,VIRTUAL,USDT,24466238.0,15621692.963
2026-04-06 03:00:00+00:00,VIRTUALUSDT,VIRTUAL,USDT,24539251.8,15902364.71325818
2026-04-06 04:00:00+00:00,VIRTUALUSDT,VIRTUAL,USDT,24343019.9,15737762.36535
2026-04-06 05:00:00+00:00,VIRTUALUSDT,VIRTUAL,USDT,24409194.5,15868417.34445
2026-04-06 06:00:00+00:00,VIRTUALUSDT,VIRTUAL,USDT,24311423.7,15688161.71361
2026-04-06 07:00:00+00:00,VIRTUALUSDT,VIRTUAL,USDT,24108402.8,15513757.2018
2026-04-06 08:00:00+00:00,VIRTUALUSDT,VIRTUAL,USDT,23976633.7,15457735.74639
2026-04-06 09:00:00+00:00,VIRTUALUSDT,VIRTUAL,USDT,24008092.8,15505871.1372647
2026-04-06 10:00:00+00:00,VIRTUALUSDT,VIRTUAL,USDT,24072416.5,15776159.53992958
2026-04-06 11:00:00+00:00,VIRTUALUSDT,VIRTUAL,USDT,24179481.2,15946367.8514
2026-04-06 12:00:00+00:00,VIRTUALUSDT,VIRTUAL,USDT,24103918.8,15840045.22761788
2026-04-06 13:00:00+00:00,VIRTUALUSDT,VIRTUAL,USDT,23990775.4,15740347.73994
2026-04-06 14:00:00+00:00,VIRTUALUSDT,VIRTUAL,USDT,23827955.8,15583483.0932
2026-04-06 15:00:00+00:00,VIRTUALUSDT,VIRTUAL,USDT,23744485.2,15475466.09209633
2026-04-06 16:00:00+00:00,VIRTUALUSDT,VIRTUAL,USDT,23787815.9,15506291.41811911
2026-04-06 17:00:00+00:00,VIRTUALUSDT,VIRTUAL,USDT,23580773.0,15306160.67139635
2026-04-06 18:00:00+00:00,VIRTUALUSDT,VIRTUAL,USDT,23362438.3,15120170.06776
2026-04-06 19:00:00+00:00,VIRTUALUSDT,VIRTUAL,USDT,23352570.0,15151652.2985634
2026-04-06 20:00:00+00:00,VIRTUALUSDT,VIRTUAL,USDT,23323635.5,15003104.62882303
2026-04-06 21:00:00+00:00,VIRTUALUSDT,VIRTUAL,USDT,23481868.8,15106895.21494234
2026-04-06 22:00:00+00:00,VIRTUALUSDT,VIRTUAL,USDT,23453246.8,15011134.52076834
2026-04-06 23:00:00+00:00,VIRTUALUSDT,VIRTUAL,USDT,23097764.9,14524130.49235509
2026-04-07 00:00:00+00:00,VIRTUALUSDT,VIRTUAL,USDT,22935730.3,14422776.43111962
2026-04-07 01:00:00+00:00,VIRTUALUSDT,VIRTUAL,USDT,22909207.9,14375707.56543994
2026-04-07 02:00:00+00:00,VIRTUALUSDT,VIRTUAL,USDT,22933165.6,14343500.95286721
2026-04-07 03:00:00+00:00,VIRTUALUSDT,VIRTUAL,USDT,23290730.6,14561364.77112
2026-04-07 04:00:00+00:00,VIRTUALUSDT,VIRTUAL,USDT,23348663.3,14672365.16049061
2026-04-07 05:00:00+00:00,VIRTUALUSDT,VIRTUAL,USDT,23353481.1,14712693.093
2026-04-07 06:00:00+00:00,VIRTUALUSDT,VIRTUAL,USDT,23473384.2,14755675.87051765
2026-04-07 07:00:00+00:00,VIRTUALUSDT,VIRTUAL,USDT,23584826.3,14801836.98588
2026-04-07 08:00:00+00:00,VIRTUALUSDT,VIRTUAL,USDT,23667372.1,14912811.16021
2026-04-07 09:00:00+00:00,VIRTUALUSDT,VIRTUAL,USDT,23961353.8,15222922.18702747
2026-04-07 10:00:00+00:00,VIRTUALUSDT,VIRTUAL,USDT,24131561.4,15405588.79776
2026-04-07 11:00:00+00:00,VIRTUALUSDT,VIRTUAL,USDT,24099279.1,15118684.91232012
2026-04-07 12:00:00+00:00,VIRTUALUSDT,VIRTUAL,USDT,24087193.0,15028916.71213751
2026-04-07 13:00:00+00:00,VIRTUALUSDT,VIRTUAL,USDT,24258436.2,14986861.88436
2026-04-07 14:00:00+00:00,VIRTUALUSDT,VIRTUAL,USDT,24356552.9,14952487.82531
2026-04-07 15:00:00+00:00,VIRTUALUSDT,VIRTUAL,USDT,24549702.9,15058787.75886
2026-04-07 16:00:00+00:00,VIRTUALUSDT,VIRTUAL,USDT,24761154.9,15259554.70171906
2026-04-07 17:00:00+00:00,VIRTUALUSDT,VIRTUAL,USDT,24772916.7,15309662.5206
2026-04-07 18:00:00+00:00,VIRTUALUSDT,VIRTUAL,USDT,24864819.9,15577809.66735
2026-04-07 19:00:00+00:00,VIRTUALUSDT,VIRTUAL,USDT,24979711.5,15579158.12129529
2026-04-07 20:00:00+00:00,VIRTUALUSDT,VIRTUAL,USDT,25037390.9,15977035.64359212
2026-04-07 21:00:00+00:00,VIRTUALUSDT,VIRTUAL,USDT,24759613.1,15846286.33350687
2026-04-07 22:00:00+00:00,VIRTUALUSDT,VIRTUAL,USDT,24740983.1,16304307.8629
2026-04-07 23:00:00+00:00,VIRTUALUSDT,VIRTUAL,USDT,25104225.3,17090956.58424
2026-04-08 00:00:00+00:00,VIRTUALUSDT,VIRTUAL,USDT,25132104.3,17220517.86636
2026-04-08 01:00:00+00:00,VIRTUALUSDT,VIRTUAL,USDT,25350696.7,17147211.24788
2026-04-08 02:00:00+00:00,VIRTUALUSDT,VIRTUAL,USDT,25170862.8,17078430.4098
2026-04-08 03:00:00+00:00,VIRTUALUSDT,VIRTUAL,USDT,25278515.2,17214668.8512
2026-04-08 04:00:00+00:00,VIRTUALUSDT,VIRTUAL,USDT,25372051.3,17204787.98653
2026-04-08 05:00:00+00:00,VIRTUALUSDT,VIRTUAL,USDT,25266122.7,17238928.72203711
2026-04-08 06:00:00+00:00,VIRTUALUSDT,VIRTUAL,USDT,25297529.3,17338926.58222
2026-04-08 07:00:00+00:00,VIRTUALUSDT,VIRTUAL,USDT,25438502.6,17384672.67684
2026-04-08 08:00:00+00:00,VIRTUALUSDT,VIRTUAL,USDT,25621561.6,17617385.75616
2026-04-08 09:00:00+00:00,VIRTUALUSDT,VIRTUAL,USDT,26149466.3,18134654.87905
2026-04-08 10:00:00+00:00,VIRTUALUSDT,VIRTUAL,USDT,26178360.7,18133750.45689
2026-04-08 11:00:00+00:00,VIRTUALUSDT,VIRTUAL,USDT,25902626.2,17699454.60773631
2026-04-08 12:00:00+00:00,VIRTUALUSDT,VIRTUAL,USDT,25419257.8,17300346.85868
2026-04-08 13:00:00+00:00,VIRTUALUSDT,VIRTUAL,USDT,25500530.3,17490813.73277
2026-04-08 14:00:00+00:00,VIRTUALUSDT,VIRTUAL,USDT,25813684.1,17778030.86139569
2026-04-08 15:00:00+00:00,VIRTUALUSDT,VIRTUAL,USDT,25591200.6,17130749.68164
2026-04-08 16:00:00+00:00,VIRTUALUSDT,VIRTUAL,USDT,25701128.2,17319990.29398
2026-04-08 17:00:00+00:00,VIRTUALUSDT,VIRTUAL,USDT,25669832.5,17363074.703
2026-04-08 18:00:00+00:00,VIRTUALUSDT,VIRTUAL,USDT,25715098.0,17357691.15
2026-04-08 19:00:00+00:00,VIRTUALUSDT,VIRTUAL,USDT,25554819.9,16981177.82355
2026-04-08 20:00:00+00:00,VIRTUALUSDT,VIRTUAL,USDT,25452238.3,16979188.16993
2026-04-08 21:00:00+00:00,VIRTUALUSDT,VIRTUAL,USDT,25381605.0,16919377.893
2026-04-08 22:00:00+00:00,VIRTUALUSDT,VIRTUAL,USDT,25409524.1,17029463.05182
2026-04-08 23:00:00+00:00,VIRTUALUSDT,VIRTUAL,USDT,25304508.6,16793292.59645486
2026-04-09 00:00:00+00:00,VIRTUALUSDT,VIRTUAL,USDT,24689678.0,16227290.8655
2026-04-09 01:00:00+00:00,VIRTUALUSDT,VIRTUAL,USDT,24548010.0,16024963.021209
2026-04-09 02:00:00+00:00,VIRTUALUSDT,VIRTUAL,USDT,24481939.2,15935294.22528
2026-04-09 03:00:00+00:00,VIRTUALUSDT,VIRTUAL,USDT,24527087.6,15981850.28016
2026-04-09 04:00:00+00:00,VIRTUALUSDT,VIRTUAL,USDT,24527058.9,15920243.15325975
2026-04-09 05:00:00+00:00,VIRTUALUSDT,VIRTUAL,USDT,25009627.9,16296273.53964
2026-04-09 06:00:00+00:00,VIRTUALUSDT,VIRTUAL,USDT,24980373.4,16319095.15010858
2026-04-09 07:00:00+00:00,VIRTUALUSDT,VIRTUAL,USDT,25092907.5,16452838.54694138
2026-04-09 08:00:00+00:00,VIRTUALUSDT,VIRTUAL,USDT,25055491.1,16355058.2569693
2026-04-09 09:00:00+00:00,VIRTUALUSDT,VIRTUAL,USDT,25247393.2,16604803.26718769
2026-04-09 10:00:00+00:00,VIRTUALUSDT,VIRTUAL,USDT,25282696.3,16757956.40205935
2026-04-09 11:00:00+00:00,VIRTUALUSDT,VIRTUAL,USDT,25312096.5,16708514.89965
2026-04-09 12:00:00+00:00,VIRTUALUSDT,VIRTUAL,USDT,25280717.8,16617085.33191395
2026-04-09 13:00:00+00:00,VIRTUALUSDT,VIRTUAL,USDT,25363963.6,16752897.9578
2026-04-09 14:00:00+00:00,VIRTUALUSDT,VIRTUAL,USDT,25290029.1,16648191.46505995
2026-04-09 15:00:00+00:00,VIRTUALUSDT,VIRTUAL,USDT,25379086.3,16765424.40978
2026-04-09 16:00:00+00:00,VIRTUALUSDT,VIRTUAL,USDT,25699873.4,17352554.51968
2026-04-09 17:00:00+00:00,VIRTUALUSDT,VIRTUAL,USDT,25639204.3,17191086.48315
2026-04-09 18:00:00+00:00,VIRTUALUSDT,VIRTUAL,USDT,25972906.6,17565476.73358
2026-04-09 19:00:00+00:00,VIRTUALUSDT,VIRTUAL,USDT,25971072.1,17508070.76099582
2026-04-09 20:00:00+00:00,VIRTUALUSDT,VIRTUAL,USDT,26017950.6,17567320.24512
2026-04-09 21:00:00+00:00,VIRTUALUSDT,VIRTUAL,USDT,26098831.5,17706053.82644406
2026-04-09 22:00:00+00:00,VIRTUALUSDT,VIRTUAL,USDT,26132164.6,17709767.94942
2026-04-09 23:00:00+00:00,VIRTUALUSDT,VIRTUAL,USDT,26357454.1,17820816.36269176
2026-04-10 00:00:00+00:00,VIRTUALUSDT,VIRTUAL,USDT,26296774.8,17499077.5553026
2026-04-10 01:00:00+00:00,VIRTUALUSDT,VIRTUAL,USDT,26212604.0,17397305.2748
2026-04-10 02:00:00+00:00,VIRTUALUSDT,VIRTUAL,USDT,26223496.9,17522540.62858
2026-04-10 03:00:00+00:00,VIRTUALUSDT,VIRTUAL,USDT,26167715.3,17576072.73735399
2026-04-10 04:00:00+00:00,VIRTUALUSDT,VIRTUAL,USDT,26196681.1,17462707.62126
2026-04-10 05:00:00+00:00,VIRTUALUSDT,VIRTUAL,USDT,26145289.0,17598394.0259
2026-04-10 06:00:00+00:00,VIRTUALUSDT,VIRTUAL,USDT,26032166.7,17592538.25586
2026-04-10 07:00:00+00:00,VIRTUALUSDT,VIRTUAL,USDT,25987683.0,17450729.1345
2026-04-10 08:00:00+00:00,VIRTUALUSDT,VIRTUAL,USDT,26010171.3,17380293.49881624
2026-04-10 09:00:00+00:00,VIRTUALUSDT,VIRTUAL,USDT,26016320.2,17364752.39753282
2026-04-10 10:00:00+00:00,VIRTUALUSDT,VIRTUAL,USDT,26156766.6,17633746.89847825
2026-04-10 11:00:00+00:00,VIRTUALUSDT,VIRTUAL,USDT,26247286.2,17528301.7742196
2026-04-10 12:00:00+00:00,VIRTUALUSDT,VIRTUAL,USDT,26319182.1,17594373.23385
2026-04-10 13:00:00+00:00,VIRTUALUSDT,VIRTUAL,USDT,26519111.5,17873881.151
2026-04-10 14:00:00+00:00,VIRTUALUSDT,VIRTUAL,USDT,26338178.7,17749505.11725101
2026-04-10 15:00:00+00:00,VIRTUALUSDT,VIRTUAL,USDT,26166090.7,17747872.4163956
2026-04-10 16:00:00+00:00,VIRTUALUSDT,VIRTUAL,USDT,26084181.4,17630298.20826
2026-04-10 17:00:00+00:00,VIRTUALUSDT,VIRTUAL,USDT,26073726.5,17793162.03906845
2026-04-10 18:00:00+00:00,VIRTUALUSDT,VIRTUAL,USDT,26123466.2,17803142.2153
2026-04-10 19:00:00+00:00,VIRTUALUSDT,VIRTUAL,USDT,26077001.0,17865353.3851
2026-04-10 20:00:00+00:00,VIRTUALUSDT,VIRTUAL,USDT,26160908.1,18066723.13386
2026-04-10 21:00:00+00:00,VIRTUALUSDT,VIRTUAL,USDT,26255677.2,18082284.88764
2026-04-10 22:00:00+00:00,VIRTUALUSDT,VIRTUAL,USDT,25779017.5,17614802.65775
2026-04-10 23:00:00+00:00,VIRTUALUSDT,VIRTUAL,USDT,25646152.5,17413737.5475
2026-04-11 00:00:00+00:00,VIRTUALUSDT,VIRTUAL,USDT,25448786.7,17267086.52040971
2026-04-11 01:00:00+00:00,VIRTUALUSDT,VIRTUAL,USDT,25388227.0,17081199.1256
2026-04-11 02:00:00+00:00,VIRTUALUSDT,VIRTUAL,USDT,25498048.2,17144887.60968
2026-04-11 03:00:00+00:00,VIRTUALUSDT,VIRTUAL,USDT,25448750.7,17165787.51844165
2026-04-11 04:00:00+00:00,VIRTUALUSDT,VIRTUAL,USDT,25270867.2,17007031.81941581
2026-04-11 05:00:00+00:00,VIRTUALUSDT,VIRTUAL,USDT,25262406.5,17034440.70295
2026-04-11 06:00:00+00:00,VIRTUALUSDT,VIRTUAL,USDT,25258355.9,16930675.95977
2026-04-11 07:00:00+00:00,VIRTUALUSDT,VIRTUAL,USDT,25303634.8,16941037.0410207
2026-04-11 08:00:00+00:00,VIRTUALUSDT,VIRTUAL,USDT,25231219.8,16920055.99788
2026-04-11 09:00:00+00:00,VIRTUALUSDT,VIRTUAL,USDT,25287603.0,16975630.60715544
2026-04-11 10:00:00+00:00,VIRTUALUSDT,VIRTUAL,USDT,25274533.2,17029980.47016
2026-04-11 11:00:00+00:00,VIRTUALUSDT,VIRTUAL,USDT,25198537.3,16941714.43996215
2026-04-11 12:00:00+00:00,VIRTUALUSDT,VIRTUAL,USDT,25228293.8,16981164.55678
2026-04-11 13:00:00+00:00,VIRTUALUSDT,VIRTUAL,USDT,25154311.8,16888604.94252
2026-04-11 14:00:00+00:00,VIRTUALUSDT,VIRTUAL,USDT,24332431.8,16261734.75487631
2026-04-11 15:00:00+00:00,VIRTUALUSDT,VIRTUAL,USDT,24207680.3,16169790.69825075
2026-04-11 16:00:00+00:00,VIRTUALUSDT,VIRTUAL,USDT,24083454.4,16147956.1752
2026-04-11 17:00:00+00:00,VIRTUALUSDT,VIRTUAL,USDT,24615915.2,16861901.912
2026-04-11 18:00:00+00:00,VIRTUALUSDT,VIRTUAL,USDT,25141640.0,17234594.22
2026-04-11 19:00:00+00:00,VIRTUALUSDT,VIRTUAL,USDT,24961975.6,17303277.290696
2026-04-11 20:00:00+00:00,VIRTUALUSDT,VIRTUAL,USDT,24968132.5,17575068.46675
2026-04-11 21:00:00+00:00,VIRTUALUSDT,VIRTUAL,USDT,24866708.1,17302667.7860003
2026-04-11 22:00:00+00:00,VIRTUALUSDT,VIRTUAL,USDT,24938482.5,17387757.15262087
2026-04-11 23:00:00+00:00,VIRTUALUSDT,VIRTUAL,USDT,24712727.7,17155575.56934
2026-04-12 00:00:00+00:00,VIRTUALUSDT,VIRTUAL,USDT,24574924.3,16924750.36541
2026-04-12 01:00:00+00:00,VIRTUALUSDT,VIRTUAL,USDT,24619422.3,16854846.97061768
2026-04-12 02:00:00+00:00,VIRTUALUSDT,VIRTUAL,USDT,23918112.1,15725254.84029374
2026-04-12 03:00:00+00:00,VIRTUALUSDT,VIRTUAL,USDT,23464705.1,15416956.06079615
2026-04-12 04:00:00+00:00,VIRTUALUSDT,VIRTUAL,USDT,23479469.3,15304533.72142505
2026-04-12 05:00:00+00:00,VIRTUALUSDT,VIRTUAL,USDT,23493240.2,15238638.40819506
2026-04-12 06:00:00+00:00,VIRTUALUSDT,VIRTUAL,USDT,23793504.7,15492345.40647793
2026-04-12 07:00:00+00:00,VIRTUALUSDT,VIRTUAL,USDT,23941512.1,15517749.2454894
2026-04-12 08:00:00+00:00,VIRTUALUSDT,VIRTUAL,USDT,24126271.6,15661697.56090491
2026-04-12 09:00:00+00:00,VIRTUALUSDT,VIRTUAL,USDT,24108727.3,15646564.0177
2026-04-12 10:00:00+00:00,VIRTUALUSDT,VIRTUAL,USDT,24105514.7,15683592.88950737
2026-04-12 11:00:00+00:00,VIRTUALUSDT,VIRTUAL,USDT,24176057.7,15618942.077085
2026-04-12 12:00:00+00:00,VIRTUALUSDT,VIRTUAL,USDT,24053426.0,15635313.08199162
2026-04-12 13:00:00+00:00,VIRTUALUSDT,VIRTUAL,USDT,24171383.8,15629784.06745779
2026-04-12 14:00:00+00:00,VIRTUALUSDT,VIRTUAL,USDT,24188242.6,15524014.10068
2026-04-12 15:00:00+00:00,VIRTUALUSDT,VIRTUAL,USDT,24171151.5,15516877.61048184
2026-04-12 16:00:00+00:00,VIRTUALUSDT,VIRTUAL,USDT,24214152.5,15576272.7470546
2026-04-12 17:00:00+00:00,VIRTUALUSDT,VIRTUAL,USDT,24209180.9,15631198.48118631
2026-04-12 18:00:00+00:00,VIRTUALUSDT,VIRTUAL,USDT,24214135.6,15797302.06544
2026-04-12 19:00:00+00:00,VIRTUALUSDT,VIRTUAL,USDT,24186933.6,15755262.85014017
2026-04-12 20:00:00+00:00,VIRTUALUSDT,VIRTUAL,USDT,24007378.8,15615599.54046
2026-04-12 21:00:00+00:00,VIRTUALUSDT,VIRTUAL,USDT,24049796.9,15728863.94709375
2026-04-12 22:00:00+00:00,VIRTUALUSDT,VIRTUAL,USDT,24091227.4,15671343.4237
2026-04-12 23:00:00+00:00,VIRTUALUSDT,VIRTUAL,USDT,24036160.4,15529849.76461744
2026-04-13 00:00:00+00:00,VIRTUALUSDT,VIRTUAL,USDT,24109007.6,15485215.58148
2026-04-13 01:00:00+00:00,VIRTUALUSDT,VIRTUAL,USDT,24278005.7,15757197.73988126
2026-04-13 02:00:00+00:00,VIRTUALUSDT,VIRTUAL,USDT,24272538.4,15877847.01280624
2026-04-13 03:00:00+00:00,VIRTUALUSDT,VIRTUAL,USDT,24261379.2,15767470.34208
2026-04-13 04:00:00+00:00,VIRTUALUSDT,VIRTUAL,USDT,24291944.3,15812182.34455559
2026-04-13 05:00:00+00:00,VIRTUALUSDT,VIRTUAL,USDT,24597644.7,15946653.05901
2026-04-13 06:00:00+00:00,VIRTUALUSDT,VIRTUAL,USDT,24446924.1,15824493.96993
2026-04-13 07:00:00+00:00,VIRTUALUSDT,VIRTUAL,USDT,24448138.7,15898624.59661
2026-04-13 08:00:00+00:00,VIRTUALUSDT,VIRTUAL,USDT,24556602.8,15794944.19236965
2026-04-13 09:00:00+00:00,VIRTUALUSDT,VIRTUAL,USDT,24464280.1,15737159.47777909
2026-04-13 10:00:00+00:00,VIRTUALUSDT,VIRTUAL,USDT,24430563.9,15757713.7155
2026-04-13 11:00:00+00:00,VIRTUALUSDT,VIRTUAL,USDT,24383983.9,15678901.6477
2026-04-13 12:00:00+00:00,VIRTUALUSDT,VIRTUAL,USDT,25170842.4,16395136.93527917
2026-04-13 13:00:00+00:00,VIRTUALUSDT,VIRTUAL,USDT,25589412.2,16845510.05126
2026-04-13 14:00:00+00:00,VIRTUALUSDT,VIRTUAL,USDT,25592430.4,17260261.37493475
2026-04-13 15:00:00+00:00,VIRTUALUSDT,VIRTUAL,USDT,25553692.9,17333435.5674154
2026-04-13 16:00:00+00:00,VIRTUALUSDT,VIRTUAL,USDT,25192111.8,16632824.02380157
2026-04-13 17:00:00+00:00,VIRTUALUSDT,VIRTUAL,USDT,25027522.5,16573298.98041615
2026-04-13 18:00:00+00:00,VIRTUALUSDT,VIRTUAL,USDT,25113370.2,16584869.68008
2026-04-13 19:00:00+00:00,VIRTUALUSDT,VIRTUAL,USDT,25251776.8,16820208.52648
2026-04-13 20:00:00+00:00,VIRTUALUSDT,VIRTUAL,USDT,25362144.7,17109302.81462
2026-04-13 21:00:00+00:00,VIRTUALUSDT,VIRTUAL,USDT,25294454.1,16884141.44828563
2026-04-13 22:00:00+00:00,VIRTUALUSDT,VIRTUAL,USDT,25101712.2,16906003.1667
2026-04-13 23:00:00+00:00,VIRTUALUSDT,VIRTUAL,USDT,25712602.4,17906256.31136
2026-04-14 00:00:00+00:00,VIRTUALUSDT,VIRTUAL,USDT,26417067.2,18470813.38624
2026-04-14 01:00:00+00:00,VIRTUALUSDT,VIRTUAL,USDT,26229400.4,18106155.09612
2026-04-14 02:00:00+00:00,VIRTUALUSDT,VIRTUAL,USDT,26054471.0,18034904.8262
2026-04-14 03:00:00+00:00,VIRTUALUSDT,VIRTUAL,USDT,25846977.5,17816924.60073508
2026-04-14 04:00:00+00:00,VIRTUALUSDT,VIRTUAL,USDT,25860767.2,17891163.80068313
2026-04-14 05:00:00+00:00,VIRTUALUSDT,VIRTUAL,USDT,25904445.4,17871476.88146
2026-04-14 06:00:00+00:00,VIRTUALUSDT,VIRTUAL,USDT,25202846.2,17090050.00822
2026-04-14 07:00:00+00:00,VIRTUALUSDT,VIRTUAL,USDT,24620512.3,16744443.65292161
2026-04-14 08:00:00+00:00,VIRTUALUSDT,VIRTUAL,USDT,24490477.8,16631483.47398
2026-04-14 09:00:00+00:00,VIRTUALUSDT,VIRTUAL,USDT,24498140.1,16719980.61825
2026-04-14 10:00:00+00:00,VIRTUALUSDT,VIRTUAL,USDT,24499623.5,16788168.31142842
2026-04-14 11:00:00+00:00,VIRTUALUSDT,VIRTUAL,USDT,24472033.4,16730056.99805066
2026-04-14 12:00:00+00:00,VIRTUALUSDT,VIRTUAL,USDT,24537876.5,16749554.4989
2026-04-14 13:00:00+00:00,VIRTUALUSDT,VIRTUAL,USDT,24427302.2,16649649.17952
2026-04-14 14:00:00+00:00,VIRTUALUSDT,VIRTUAL,USDT,24453169.8,17021851.49778
2026-04-14 15:00:00+00:00,VIRTUALUSDT,VIRTUAL,USDT,24553884.3,16899098.16714606
2026-04-14 16:00:00+00:00,VIRTUALUSDT,VIRTUAL,USDT,24810411.8,16965359.58884
2026-04-14 17:00:00+00:00,VIRTUALUSDT,VIRTUAL,USDT,24403447.4,16572381.12934
2026-04-14 18:00:00+00:00,VIRTUALUSDT,VIRTUAL,USDT,23999460.9,16297729.10403657
2026-04-14 19:00:00+00:00,VIRTUALUSDT,VIRTUAL,USDT,23520994.8,15615033.35224272
2026-04-14 20:00:00+00:00,VIRTUALUSDT,VIRTUAL,USDT,23470357.0,15694627.7259
2026-04-14 21:00:00+00:00,VIRTUALUSDT,VIRTUAL,USDT,23366753.3,15576277.74978
2026-04-14 22:00:00+00:00,VIRTUALUSDT,VIRTUAL,USDT,23284559.8,15614149.63263209
2026-04-14 23:00:00+00:00,VIRTUALUSDT,VIRTUAL,USDT,23285001.9,15515452.23877349
2026-04-15 00:00:00+00:00,VIRTUALUSDT,VIRTUAL,USDT,23272728.3,15572419.94555814
2026-04-15 01:00:00+00:00,VIRTUALUSDT,VIRTUAL,USDT,23371224.0,15724374.28874856
2026-04-15 02:00:00+00:00,VIRTUALUSDT,VIRTUAL,USDT,23423023.3,15862071.37876
2026-04-15 03:00:00+00:00,VIRTUALUSDT,VIRTUAL,USDT,23485171.3,15867269.37609566
2026-04-15 04:00:00+00:00,VIRTUALUSDT,VIRTUAL,USDT,23450509.3,15838473.98122
2026-04-15 05:00:00+00:00,VIRTUALUSDT,VIRTUAL,USDT,23473207.7,15905445.53752
2026-04-15 06:00:00+00:00,VIRTUALUSDT,VIRTUAL,USDT,23375753.3,15733086.52346755
2026-04-15 07:00:00+00:00,VIRTUALUSDT,VIRTUAL,USDT,23283295.0,15631246.38473965
2026-04-15 08:00:00+00:00,VIRTUALUSDT,VIRTUAL,USDT,23203756.2,15474585.00978
2026-04-15 09:00:00+00:00,VIRTUALUSDT,VIRTUAL,USDT,23154758.6,15550735.87576
2026-04-15 10:00:00+00:00,VIRTUALUSDT,VIRTUAL,USDT,23200760.5,15621072.04465
2026-04-15 11:00:00+00:00,VIRTUALUSDT,VIRTUAL,USDT,23248278.1,15646091.1613
2026-04-15 12:00:00+00:00,VIRTUALUSDT,VIRTUAL,USDT,23323199.6,15857443.40804
2026-04-15 13:00:00+00:00,VIRTUALUSDT,VIRTUAL,USDT,23516406.7,16017024.60337
2026-04-15 14:00:00+00:00,VIRTUALUSDT,VIRTUAL,USDT,23432636.4,15861551.57916
2026-04-15 15:00:00+00:00,VIRTUALUSDT,VIRTUAL,USDT,23599028.7,16181853.97959
2026-04-15 16:00:00+00:00,VIRTUALUSDT,VIRTUAL,USDT,23867829.2,16206256.0268
2026-04-15 17:00:00+00:00,VIRTUALUSDT,VIRTUAL,USDT,23902592.3,16287226.39322
2026-04-15 18:00:00+00:00,VIRTUALUSDT,VIRTUAL,USDT,23999620.1,16329548.39276526
2026-04-15 19:00:00+00:00,VIRTUALUSDT,VIRTUAL,USDT,23952938.3,16426925.08614
2026-04-15 20:00:00+00:00,VIRTUALUSDT,VIRTUAL,USDT,23788339.5,16394923.5834
2026-04-15 21:00:00+00:00,VIRTUALUSDT,VIRTUAL,USDT,23704020.0,16253743.8755934
2026-04-15 22:00:00+00:00,VIRTUALUSDT,VIRTUAL,USDT,23853187.8,16475396.81346
2026-04-15 23:00:00+00:00,VIRTUALUSDT,VIRTUAL,USDT,23773373.6,16378288.6960147
2026-04-16 00:00:00+00:00,VIRTUALUSDT,VIRTUAL,USDT,23580062.9,16256095.36326
2026-04-16 01:00:00+00:00,VIRTUALUSDT,VIRTUAL,USDT,23465362.6,16184060.58522
2026-04-16 02:00:00+00:00,VIRTUALUSDT,VIRTUAL,USDT,23443774.9,16157449.66108
2026-04-16 03:00:00+00:00,VIRTUALUSDT,VIRTUAL,USDT,23719592.4,16482783.18449969
2026-04-16 04:00:00+00:00,VIRTUALUSDT,VIRTUAL,USDT,24132373.8,16928860.2207
2026-04-16 05:00:00+00:00,VIRTUALUSDT,VIRTUAL,USDT,24035228.9,16836987.41819823
2026-04-16 06:00:00+00:00,VIRTUALUSDT,VIRTUAL,USDT,24226765.1,17111364.19013
2026-04-16 07:00:00+00:00,VIRTUALUSDT,VIRTUAL,USDT,24575972.7,17677497.16311
2026-04-16 08:00:00+00:00,VIRTUALUSDT,VIRTUAL,USDT,24292934.8,17427751.42552
2026-04-16 09:00:00+00:00,VIRTUALUSDT,VIRTUAL,USDT,24422783.0,17403675.1658
2026-04-16 10:00:00+00:00,VIRTUALUSDT,VIRTUAL,USDT,24372344.3,17323862.32844
2026-04-16 11:00:00+00:00,VIRTUALUSDT,VIRTUAL,USDT,24292666.5,17155481.0823
2026-04-16 12:00:00+00:00,VIRTUALUSDT,VIRTUAL,USDT,24327089.7,17233310.34348
2026-04-16 13:00:00+00:00,VIRTUALUSDT,VIRTUAL,USDT,24342886.7,17439244.03188
2026-04-16 14:00:00+00:00,VIRTUALUSDT,VIRTUAL,USDT,24290675.9,17088490.49565
2026-04-16 15:00:00+00:00,VIRTUALUSDT,VIRTUAL,USDT,24470410.1,17161098.60313
2026-04-16 16:00:00+00:00,VIRTUALUSDT,VIRTUAL,USDT,24836634.9,17918550.19653375
2026-04-16 17:00:00+00:00,VIRTUALUSDT,VIRTUAL,USDT,24591523.9,17676387.37932
2026-04-16 18:00:00+00:00,VIRTUALUSDT,VIRTUAL,USDT,24752402.9,17893424.18537971
2026-04-16 19:00:00+00:00,VIRTUALUSDT,VIRTUAL,USDT,25257428.9,18821836.01628
2026-04-16 20:00:00+00:00,VIRTUALUSDT,VIRTUAL,USDT,25565414.2,18977206.96066
2026-04-16 21:00:00+00:00,VIRTUALUSDT,VIRTUAL,USDT,25562155.3,18747517.31263323
2026-04-16 22:00:00+00:00,VIRTUALUSDT,VIRTUAL,USDT,25478608.6,18693379.70606104
2026-04-16 23:00:00+00:00,VIRTUALUSDT,VIRTUAL,USDT,25733951.3,18929037.12102268
2026-04-17 00:00:00+00:00,VIRTUALUSDT,VIRTUAL,USDT,25687229.1,18927412.56780329
2026-04-17 01:00:00+00:00,VIRTUALUSDT,VIRTUAL,USDT,25875630.1,19204214.20119878
2026-04-17 02:00:00+00:00,VIRTUALUSDT,VIRTUAL,USDT,25700020.5,18854634.7426772
2026-04-17 03:00:00+00:00,VIRTUALUSDT,VIRTUAL,USDT,25505661.2,18484671.93128584
2026-04-17 04:00:00+00:00,VIRTUALUSDT,VIRTUAL,USDT,25482799.1,18444449.98858
2026-04-17 05:00:00+00:00,VIRTUALUSDT,VIRTUAL,USDT,25437734.1,18419463.26181
2026-04-17 06:00:00+00:00,VIRTUALUSDT,VIRTUAL,USDT,25163364.3,17954060.42805
2026-04-17 07:00:00+00:00,VIRTUALUSDT,VIRTUAL,USDT,25391034.9,18304397.05941
2026-04-17 08:00:00+00:00,VIRTUALUSDT,VIRTUAL,USDT,25306249.9,18311602.42764
2026-04-17 09:00:00+00:00,VIRTUALUSDT,VIRTUAL,USDT,25264706.9,18400286.03527
2026-04-17 10:00:00+00:00,VIRTUALUSDT,VIRTUAL,USDT,25320969.5,18571783.58191226
2026-04-17 11:00:00+00:00,VIRTUALUSDT,VIRTUAL,USDT,25270114.5,18264268.89360549
2026-04-17 12:00:00+00:00,VIRTUALUSDT,VIRTUAL,USDT,27800453.6,20458353.80424
2026-04-17 13:00:00+00:00,VIRTUALUSDT,VIRTUAL,USDT,28936583.3,21980916.78663087
2026-04-17 14:00:00+00:00,VIRTUALUSDT,VIRTUAL,USDT,29345112.5,23059389.4025
2026-04-17 15:00:00+00:00,VIRTUALUSDT,VIRTUAL,USDT,30341476.8,23899312.54921133
2026-04-17 16:00:00+00:00,VIRTUALUSDT,VIRTUAL,USDT,29539725.3,23117789.01978
2026-04-17 17:00:00+00:00,VIRTUALUSDT,VIRTUAL,USDT,29420635.4,22848065.45164
2026-04-17 18:00:00+00:00,VIRTUALUSDT,VIRTUAL,USDT,29219007.1,22583370.58759
2026-04-17 19:00:00+00:00,VIRTUALUSDT,VIRTUAL,USDT,28966125.6,22120701.91232242
2026-04-17 20:00:00+00:00,VIRTUALUSDT,VIRTUAL,USDT,28846858.7,21989444.31670786
2026-04-17 21:00:00+00:00,VIRTUALUSDT,VIRTUAL,USDT,28670774.2,21698041.91456
2026-04-17 22:00:00+00:00,VIRTUALUSDT,VIRTUAL,USDT,28630252.6,21647333.99086
2026-04-17 23:00:00+00:00,VIRTUALUSDT,VIRTUAL,USDT,28579131.7,21565812.78082
2026-04-18 00:00:00+00:00,VIRTUALUSDT,VIRTUAL,USDT,28639922.8,21368641.05921618
2026-04-18 01:00:00+00:00,VIRTUALUSDT,VIRTUAL,USDT,28821775.3,21717207.68855
2026-04-18 02:00:00+00:00,VIRTUALUSDT,VIRTUAL,USDT,28633363.6,21417749.67346001
2026-04-18 03:00:00+00:00,VIRTUALUSDT,VIRTUAL,USDT,28753187.4,21576541.91659823
2026-04-18 04:00:00+00:00,VIRTUALUSDT,VIRTUAL,USDT,28846173.1,21600014.41728
2026-04-18 05:00:00+00:00,VIRTUALUSDT,VIRTUAL,USDT,28920488.6,21729625.43486473
2026-04-18 06:00:00+00:00,VIRTUALUSDT,VIRTUAL,USDT,28804093.7,21830622.61523
2026-04-18 07:00:00+00:00,VIRTUALUSDT,VIRTUAL,USDT,28784625.1,21778447.35066
2026-04-18 08:00:00+00:00,VIRTUALUSDT,VIRTUAL,USDT,28864314.6,21844513.28928
2026-04-18 09:00:00+00:00,VIRTUALUSDT,VIRTUAL,USDT,28626476.2,21381115.07378
2026-04-18 10:00:00+00:00,VIRTUALUSDT,VIRTUAL,USDT,28277764.4,20866162.35076
2026-04-18 11:00:00+00:00,VIRTUALUSDT,VIRTUAL,USDT,27285965.5,19662266.7393
2026-04-18 12:00:00+00:00,VIRTUALUSDT,VIRTUAL,USDT,26664804.3,19109272.00578532
2026-04-18 13:00:00+00:00,VIRTUALUSDT,VIRTUAL,USDT,26470334.9,19058388.33630171
2026-04-18 14:00:00+00:00,VIRTUALUSDT,VIRTUAL,USDT,26368093.0,18987663.7693
2026-04-18 15:00:00+00:00,VIRTUALUSDT,VIRTUAL,USDT,26314575.9,19029022.68408334
2026-04-18 16:00:00+00:00,VIRTUALUSDT,VIRTUAL,USDT,26203994.7,18848533.38771
2026-04-18 17:00:00+00:00,VIRTUALUSDT,VIRTUAL,USDT,26132572.1,18653959.67221647
2026-04-18 18:00:00+00:00,VIRTUALUSDT,VIRTUAL,USDT,26036114.4,18594992.90448
2026-04-18 19:00:00+00:00,VIRTUALUSDT,VIRTUAL,USDT,25690532.3,18106687.16504
2026-04-18 20:00:00+00:00,VIRTUALUSDT,VIRTUAL,USDT,25639992.3,18094341.27605033
2026-04-18 21:00:00+00:00,VIRTUALUSDT,VIRTUAL,USDT,25626046.3,18105793.95146273
2026-04-18 22:00:00+00:00,VIRTUALUSDT,VIRTUAL,USDT,25491309.3,18121849.02003718
2026-04-18 23:00:00+00:00,VIRTUALUSDT,VIRTUAL,USDT,25508759.5,18040470.44543916
2026-04-19 00:00:00+00:00,VIRTUALUSDT,VIRTUAL,USDT,25492321.0,17908727.43546339
2026-04-19 01:00:00+00:00,VIRTUALUSDT,VIRTUAL,USDT,25319573.0,17647742.381
2026-04-19 02:00:00+00:00,VIRTUALUSDT,VIRTUAL,USDT,25423703.4,17680399.19106208
2026-04-19 03:00:00+00:00,VIRTUALUSDT,VIRTUAL,USDT,25313347.5,17418898.87538903
2026-04-19 04:00:00+00:00,VIRTUALUSDT,VIRTUAL,USDT,25471357.1,17521746.54909
2026-04-19 05:00:00+00:00,VIRTUALUSDT,VIRTUAL,USDT,25452282.8,17541612.51472011
2026-04-19 06:00:00+00:00,VIRTUALUSDT,VIRTUAL,USDT,25452037.2,17523956.93505517
2026-04-19 07:00:00+00:00,VIRTUALUSDT,VIRTUAL,USDT,25439012.4,17550374.65476
2026-04-19 08:00:00+00:00,VIRTUALUSDT,VIRTUAL,USDT,25339127.6,17359836.31876
2026-04-19 09:00:00+00:00,VIRTUALUSDT,VIRTUAL,USDT,25377222.5,17342793.8565
2026-04-19 10:00:00+00:00,VIRTUALUSDT,VIRTUAL,USDT,25349694.5,17237792.26
2026-04-19 11:00:00+00:00,VIRTUALUSDT,VIRTUAL,USDT,25471041.2,17417882.73533937
2026-04-19 12:00:00+00:00,VIRTUALUSDT,VIRTUAL,USDT,25590340.4,17772853.25521326
2026-04-19 13:00:00+00:00,VIRTUALUSDT,VIRTUAL,USDT,25583741.0,17916293.8223
2026-04-19 14:00:00+00:00,VIRTUALUSDT,VIRTUAL,USDT,25556227.6,17953249.889
2026-04-19 15:00:00+00:00,VIRTUALUSDT,VIRTUAL,USDT,25422992.1,17821517.4621
2026-04-19 16:00:00+00:00,VIRTUALUSDT,VIRTUAL,USDT,25353850.2,17659189.66618334
2026-04-19 17:00:00+00:00,VIRTUALUSDT,VIRTUAL,USDT,25443580.9,17566248.25336
2026-04-19 18:00:00+00:00,VIRTUALUSDT,VIRTUAL,USDT,25354416.4,17273963.89332
2026-04-19 19:00:00+00:00,VIRTUALUSDT,VIRTUAL,USDT,25391745.9,17320130.87353702
2026-04-19 20:00:00+00:00,VIRTUALUSDT,VIRTUAL,USDT,25349652.2,17361415.04348725
2026-04-19 21:00:00+00:00,VIRTUALUSDT,VIRTUAL,USDT,25363995.4,17255126.07062
2026-04-19 22:00:00+00:00,VIRTUALUSDT,VIRTUAL,USDT,25270528.2,17168796.85908
2026-04-19 23:00:00+00:00,VIRTUALUSDT,VIRTUAL,USDT,25108156.3,16824025.44399561
2026-04-20 00:00:00+00:00,VIRTUALUSDT,VIRTUAL,USDT,25107404.2,16801874.89064
2026-04-20 01:00:00+00:00,VIRTUALUSDT,VIRTUAL,USDT,25281283.7,17109047.31045561
2026-04-20 02:00:00+00:00,VIRTUALUSDT,VIRTUAL,USDT,25294094.6,17207572.55638
2026-04-20 03:00:00+00:00,VIRTUALUSDT,VIRTUAL,USDT,25272867.0,17142373.89947454
2026-04-20 04:00:00+00:00,VIRTUALUSDT,VIRTUAL,USDT,25371844.2,17344871.64567079
2026-04-20 05:00:00+00:00,VIRTUALUSDT,VIRTUAL,USDT,25333917.9,17325010.67206334
2026-04-20 06:00:00+00:00,VIRTUALUSDT,VIRTUAL,USDT,25278921.9,17091227.23107233
2026-04-20 07:00:00+00:00,VIRTUALUSDT,VIRTUAL,USDT,25512950.9,17425345.4647
2026-04-20 08:00:00+00:00,VIRTUALUSDT,VIRTUAL,USDT,25420071.6,17542391.41116
2026-04-20 09:00:00+00:00,VIRTUALUSDT,VIRTUAL,USDT,25388619.2,17402029.85922688
2026-04-20 10:00:00+00:00,VIRTUALUSDT,VIRTUAL,USDT,25362398.3,17449330.0304
2026-04-20 11:00:00+00:00,VIRTUALUSDT,VIRTUAL,USDT,25180650.8,17301625.16468
2026-04-20 12:00:00+00:00,VIRTUALUSDT,VIRTUAL,USDT,25170578.7,17327426.37708
2026-04-20 13:00:00+00:00,VIRTUALUSDT,VIRTUAL,USDT,25198169.6,17470591.99675827
2026-04-20 14:00:00+00:00,VIRTUALUSDT,VIRTUAL,USDT,25069020.2,17337734.37032
2026-04-20 15:00:00+00:00,VIRTUALUSDT,VIRTUAL,USDT,24985715.9,17137668.80509353
2026-04-20 16:00:00+00:00,VIRTUALUSDT,VIRTUAL,USDT,25003837.3,17304497.44429389
2026-04-20 17:00:00+00:00,VIRTUALUSDT,VIRTUAL,USDT,24874586.3,17051528.90865
2026-04-20 18:00:00+00:00,VIRTUALUSDT,VIRTUAL,USDT,24901695.2,17251894.43456
2026-04-20 19:00:00+00:00,VIRTUALUSDT,VIRTUAL,USDT,24785742.5,17203783.86925
2026-04-20 20:00:00+00:00,VIRTUALUSDT,VIRTUAL,USDT,24789022.2,17175708.3823481
2026-04-20 21:00:00+00:00,VIRTUALUSDT,VIRTUAL,USDT,24793218.6,17236245.57072
2026-04-20 22:00:00+00:00,VIRTUALUSDT,VIRTUAL,USDT,24876182.5,17279408.81160585
2026-04-20 23:00:00+00:00,VIRTUALUSDT,VIRTUAL,USDT,24658907.2,17041770.76592
2026-04-21 00:00:00+00:00,VIRTUALUSDT,VIRTUAL,USDT,24616701.0,16938751.9581
2026-04-21 01:00:00+00:00,VIRTUALUSDT,VIRTUAL,USDT,24718192.9,17081507.203545
2026-04-21 02:00:00+00:00,VIRTUALUSDT,VIRTUAL,USDT,24550487.2,16918539.11136374
2026-04-21 03:00:00+00:00,VIRTUALUSDT,VIRTUAL,USDT,24526595.0,16831152.6267355
2026-04-21 04:00:00+00:00,VIRTUALUSDT,VIRTUAL,USDT,24347646.3,16685442.00939
2026-04-21 05:00:00+00:00,VIRTUALUSDT,VIRTUAL,USDT,24417714.8,16782295.38204
2026-04-21 06:00:00+00:00,VIRTUALUSDT,VIRTUAL,USDT,24517179.6,16956081.41136
2026-04-21 07:00:00+00:00,VIRTUALUSDT,VIRTUAL,USDT,24503434.6,16900018.84362
2026-04-21 08:00:00+00:00,VIRTUALUSDT,VIRTUAL,USDT,24565676.0,16963898.31094688
2026-04-21 09:00:00+00:00,VIRTUALUSDT,VIRTUAL,USDT,24597568.4,17043821.42392238
2026-04-21 10:00:00+00:00,VIRTUALUSDT,VIRTUAL,USDT,24445805.8,16989835.031
2026-04-21 11:00:00+00:00,VIRTUALUSDT,VIRTUAL,USDT,24342536.5,16954576.67225
2026-04-21 12:00:00+00:00,VIRTUALUSDT,VIRTUAL,USDT,24190852.8,16761841.90512
2026-04-21 13:00:00+00:00,VIRTUALUSDT,VIRTUAL,USDT,24074981.0,16499501.97682591
2026-04-21 14:00:00+00:00,VIRTUALUSDT,VIRTUAL,USDT,24101278.3,16523836.40248
2026-04-21 15:00:00+00:00,VIRTUALUSDT,VIRTUAL,USDT,24083771.7,16449958.09210608
2026-04-21 16:00:00+00:00,VIRTUALUSDT,VIRTUAL,USDT,24233082.2,16585121.45768
2026-04-21 17:00:00+00:00,VIRTUALUSDT,VIRTUAL,USDT,24240243.3,16488213.49266
2026-04-21 18:00:00+00:00,VIRTUALUSDT,VIRTUAL,USDT,23970861.1,16265559.63914105
2026-04-21 19:00:00+00:00,VIRTUALUSDT,VIRTUAL,USDT,24068906.8,16270526.8417597
2026-04-21 20:00:00+00:00,VIRTUALUSDT,VIRTUAL,USDT,24429167.2,16251189.32070981
2026-04-21 21:00:00+00:00,VIRTUALUSDT,VIRTUAL,USDT,24333213.0,16427072.50768263
2026-04-21 22:00:00+00:00,VIRTUALUSDT,VIRTUAL,USDT,24292979.1,16374838.03742124
2026-04-21 23:00:00+00:00,VIRTUALUSDT,VIRTUAL,USDT,24273473.5,16330106.24739141
2026-04-22 00:00:00+00:00,VIRTUALUSDT,VIRTUAL,USDT,24327876.3,16569716.54793
2026-04-22 01:00:00+00:00,VIRTUALUSDT,VIRTUAL,USDT,24379984.0,16607645.1008
2026-04-22 02:00:00+00:00,VIRTUALUSDT,VIRTUAL,USDT,24428445.4,16542654.96922428
2026-04-22 03:00:00+00:00,VIRTUALUSDT,VIRTUAL,USDT,24646468.4,17252527.88
2026-04-22 04:00:00+00:00,VIRTUALUSDT,VIRTUAL,USDT,24792720.1,17280525.9097
2026-04-22 05:00:00+00:00,VIRTUALUSDT,VIRTUAL,USDT,24793317.5,17355322.25
2026-04-22 06:00:00+00:00,VIRTUALUSDT,VIRTUAL,USDT,24773297.2,17566745.04452
2026-04-22 07:00:00+00:00,VIRTUALUSDT,VIRTUAL,USDT,25185605.8,17832897.37570278
2026-04-22 08:00:00+00:00,VIRTUALUSDT,VIRTUAL,USDT,24914968.8,17684644.85424
2026-04-22 09:00:00+00:00,VIRTUALUSDT,VIRTUAL,USDT,24959752.5,17821264.53298762
2026-04-22 10:00:00+00:00,VIRTUALUSDT,VIRTUAL,USDT,25015055.6,17755159.14750795
2026-04-22 11:00:00+00:00,VIRTUALUSDT,VIRTUAL,USDT,24918105.3,17764117.26837
2026-04-22 12:00:00+00:00,VIRTUALUSDT,VIRTUAL,USDT,24842204.1,17725550.57315129
2026-04-22 13:00:00+00:00,VIRTUALUSDT,VIRTUAL,USDT,24692485.8,17547636.01781544
2026-04-22 14:00:00+00:00,VIRTUALUSDT,VIRTUAL,USDT,24592889.4,17614207.22880288
2026-04-22 15:00:00+00:00,VIRTUALUSDT,VIRTUAL,USDT,24451111.4,17443125.54724538
2026-04-22 16:00:00+00:00,VIRTUALUSDT,VIRTUAL,USDT,24116248.3,17139417.66681
2026-04-22 17:00:00+00:00,VIRTUALUSDT,VIRTUAL,USDT,24120676.8,17034021.95616
2026-04-22 18:00:00+00:00,VIRTUALUSDT,VIRTUAL,USDT,24136770.7,17151589.25942
2026-04-22 19:00:00+00:00,VIRTUALUSDT,VIRTUAL,USDT,24138210.7,17113991.3863
2026-04-22 20:00:00+00:00,VIRTUALUSDT,VIRTUAL,USDT,23921876.7,16869707.44884
2026-04-22 21:00:00+00:00,VIRTUALUSDT,VIRTUAL,USDT,23746435.3,16643876.50177
2026-04-22 22:00:00+00:00,VIRTUALUSDT,VIRTUAL,USDT,23695688.6,16745743.13362
2026-04-22 23:00:00+00:00,VIRTUALUSDT,VIRTUAL,USDT,23685512.0,16578050.95857928
2026-04-23 00:00:00+00:00,VIRTUALUSDT,VIRTUAL,USDT,23514831.9,16244045.87652
2026-04-23 01:00:00+00:00,VIRTUALUSDT,VIRTUAL,USDT,23447616.5,16277335.3743
2026-04-23 02:00:00+00:00,VIRTUALUSDT,VIRTUAL,USDT,23472794.7,16217353.85823
2026-04-23 03:00:00+00:00,VIRTUALUSDT,VIRTUAL,USDT,23310914.1,15902602.79788882
2026-04-23 04:00:00+00:00,VIRTUALUSDT,VIRTUAL,USDT,23285101.7,15864139.78821
2026-04-23 05:00:00+00:00,VIRTUALUSDT,VIRTUAL,USDT,23374746.0,15974301.4164
2026-04-23 06:00:00+00:00,VIRTUALUSDT,VIRTUAL,USDT,23333374.7,15964694.96974
2026-04-23 07:00:00+00:00,VIRTUALUSDT,VIRTUAL,USDT,23304423.1,16080051.939
2026-04-23 08:00:00+00:00,VIRTUALUSDT,VIRTUAL,USDT,23273849.8,15958878.80786
2026-04-23 09:00:00+00:00,VIRTUALUSDT,VIRTUAL,USDT,23282129.8,15940890.3517396
2026-04-23 10:00:00+00:00,VIRTUALUSDT,VIRTUAL,USDT,23258271.3,15855944.09279483
2026-04-23 11:00:00+00:00,VIRTUALUSDT,VIRTUAL,USDT,23167341.6,15719041.2756
2026-04-23 12:00:00+00:00,VIRTUALUSDT,VIRTUAL,USDT,23108673.3,15806332.5372
2026-04-23 13:00:00+00:00,VIRTUALUSDT,VIRTUAL,USDT,23124902.7,15872933.21328
2026-04-23 14:00:00+00:00,VIRTUALUSDT,VIRTUAL,USDT,23342506.5,15928926.4356
2026-04-23 15:00:00+00:00,VIRTUALUSDT,VIRTUAL,USDT,23561314.1,16257306.729
2026-04-23 16:00:00+00:00,VIRTUALUSDT,VIRTUAL,USDT,23382568.1,16248546.57269
2026-04-23 17:00:00+00:00,VIRTUALUSDT,VIRTUAL,USDT,23555918.3,16289199.70435123
2026-04-23 18:00:00+00:00,VIRTUALUSDT,VIRTUAL,USDT,23233772.9,15861386.58796179
2026-04-23 19:00:00+00:00,VIRTUALUSDT,VIRTUAL,USDT,23211112.5,15783714.10345388
2026-04-23 20:00:00+00:00,VIRTUALUSDT,VIRTUAL,USDT,23877054.6,16327129.93548
2026-04-23 21:00:00+00:00,VIRTUALUSDT,VIRTUAL,USDT,24069656.0,16638112.88342632
2026-04-23 22:00:00+00:00,VIRTUALUSDT,VIRTUAL,USDT,24141082.4,16826583.56877037
2026-04-23 23:00:00+00:00,VIRTUALUSDT,VIRTUAL,USDT,24195904.6,16888741.4108
2026-04-24 00:00:00+00:00,VIRTUALUSDT,VIRTUAL,USDT,24203778.1,16978950.33715
2026-04-24 01:00:00+00:00,VIRTUALUSDT,VIRTUAL,USDT,24380610.4,17388251.33728
2026-04-24 02:00:00+00:00,VIRTUALUSDT,VIRTUAL,USDT,24229854.5,17217734.6077
2026-04-24 03:00:00+00:00,VIRTUALUSDT,VIRTUAL,USDT,24385835.6,17311265.22353441
2026-04-24 04:00:00+00:00,VIRTUALUSDT,VIRTUAL,USDT,24140466.8,16977990.30044
2026-04-24 05:00:00+00:00,VIRTUALUSDT,VIRTUAL,USDT,23915737.8,16707846.76661567
2026-04-24 06:00:00+00:00,VIRTUALUSDT,VIRTUAL,USDT,23956866.2,16834489.87874
2026-04-24 07:00:00+00:00,VIRTUALUSDT,VIRTUAL,USDT,24028958.5,16885149.13795
2026-04-24 08:00:00+00:00,VIRTUALUSDT,VIRTUAL,USDT,24027442.1,16867264.3542
2026-04-24 09:00:00+00:00,VIRTUALUSDT,VIRTUAL,USDT,24219661.6,17089393.22496
2026-04-24 10:00:00+00:00,VIRTUALUSDT,VIRTUAL,USDT,24060421.3,16849513.03639
2026-04-24 11:00:00+00:00,VIRTUALUSDT,VIRTUAL,USDT,24032039.3,16966619.7458
2026-04-24 12:00:00+00:00,VIRTUALUSDT,VIRTUAL,USDT,24108953.1,17204148.93216
2026-04-24 13:00:00+00:00,VIRTUALUSDT,VIRTUAL,USDT,23922443.5,17036598.75088034
2026-04-24 14:00:00+00:00,VIRTUALUSDT,VIRTUAL,USDT,23938004.3,16937142.00215034
2026-04-24 15:00:00+00:00,VIRTUALUSDT,VIRTUAL,USDT,23781267.0,16768171.3617
2026-04-24 16:00:00+00:00,VIRTUALUSDT,VIRTUAL,USDT,23676667.3,16766704.39909694
2026-04-24 17:00:00+00:00,VIRTUALUSDT,VIRTUAL,USDT,23313260.9,16399922.03379006
2026-04-24 18:00:00+00:00,VIRTUALUSDT,VIRTUAL,USDT,23264676.1,16440000.11663179
2026-04-24 19:00:00+00:00,VIRTUALUSDT,VIRTUAL,USDT,23203658.9,16369951.4056903
2026-04-24 20:00:00+00:00,VIRTUALUSDT,VIRTUAL,USDT,23256421.0,16437638.3628
2026-04-24 21:00:00+00:00,VIRTUALUSDT,VIRTUAL,USDT,23185963.4,16468839.55797717
2026-04-24 22:00:00+00:00,VIRTUALUSDT,VIRTUAL,USDT,23202220.1,16357565.1705
2026-04-24 23:00:00+00:00,VIRTUALUSDT,VIRTUAL,USDT,22970419.1,16068604.77458439
2026-04-25 00:00:00+00:00,VIRTUALUSDT,VIRTUAL,USDT,22924148.5,16071761.06270152
2026-04-25 01:00:00+00:00,VIRTUALUSDT,VIRTUAL,USDT,23028325.6,16173795.03132686
2026-04-25 02:00:00+00:00,VIRTUALUSDT,VIRTUAL,USDT,23029805.5,16194559.2276
2026-04-25 03:00:00+00:00,VIRTUALUSDT,VIRTUAL,USDT,23028445.2,16223539.6434
2026-04-25 04:00:00+00:00,VIRTUALUSDT,VIRTUAL,USDT,23135217.4,16384360.96268
2026-04-25 05:00:00+00:00,VIRTUALUSDT,VIRTUAL,USDT,23153922.1,16311001.54330106
2026-04-25 06:00:00+00:00,VIRTUALUSDT,VIRTUAL,USDT,23102394.0,16257154.6578
2026-04-25 07:00:00+00:00,VIRTUALUSDT,VIRTUAL,USDT,23181654.7,16340470.6818067
2026-04-25 08:00:00+00:00,VIRTUALUSDT,VIRTUAL,USDT,23184104.1,16310017.23435
2026-04-25 09:00:00+00:00,VIRTUALUSDT,VIRTUAL,USDT,23175653.1,16387504.30701
2026-04-25 10:00:00+00:00,VIRTUALUSDT,VIRTUAL,USDT,23223816.1,16447106.56202
2026-04-25 11:00:00+00:00,VIRTUALUSDT,VIRTUAL,USDT,23229445.8,16472874.83770883
2026-04-25 12:00:00+00:00,VIRTUALUSDT,VIRTUAL,USDT,23339507.8,16421365.63886071
2026-04-25 13:00:00+00:00,VIRTUALUSDT,VIRTUAL,USDT,23326153.3,16359816.51113917
2026-04-25 14:00:00+00:00,VIRTUALUSDT,VIRTUAL,USDT,23339204.5,16440135.6498
2026-04-25 15:00:00+00:00,VIRTUALUSDT,VIRTUAL,USDT,23377498.7,16383812.5497871
2026-04-25 16:00:00+00:00,VIRTUALUSDT,VIRTUAL,USDT,23274048.7,16241610.32208881
2026-04-25 17:00:00+00:00,VIRTUALUSDT,VIRTUAL,USDT,23049562.1,16021863.32806867
2026-04-25 18:00:00+00:00,VIRTUALUSDT,VIRTUAL,USDT,22881719.3,15847928.89814527
2026-04-25 19:00:00+00:00,VIRTUALUSDT,VIRTUAL,USDT,22918128.3,15909011.1178015
2026-04-25 20:00:00+00:00,VIRTUALUSDT,VIRTUAL,USDT,22811204.6,15782959.54727723
2026-04-25 21:00:00+00:00,VIRTUALUSDT,VIRTUAL,USDT,22870585.4,15892769.79446
2026-04-25 22:00:00+00:00,VIRTUALUSDT,VIRTUAL,USDT,22815553.9,15854528.40511
2026-04-25 23:00:00+00:00,VIRTUALUSDT,VIRTUAL,USDT,22819448.4,15909719.42448
2026-04-26 00:00:00+00:00,VIRTUALUSDT,VIRTUAL,USDT,22849953.1,15972193.30724382
2026-04-26 01:00:00+00:00,VIRTUALUSDT,VIRTUAL,USDT,22845054.9,15872067.01709276
2026-04-26 02:00:00+00:00,VIRTUALUSDT,VIRTUAL,USDT,22841153.3,15812930.42959
2026-04-26 03:00:00+00:00,VIRTUALUSDT,VIRTUAL,USDT,22802911.5,15867019.68595419
2026-04-26 04:00:00+00:00,VIRTUALUSDT,VIRTUAL,USDT,22781796.5,15826797.20628049
2026-04-26 05:00:00+00:00,VIRTUALUSDT,VIRTUAL,USDT,22822851.4,15921221.13664
2026-04-26 06:00:00+00:00,VIRTUALUSDT,VIRTUAL,USDT,23257667.0,16382700.6348
2026-04-26 07:00:00+00:00,VIRTUALUSDT,VIRTUAL,USDT,23102750.6,16318421.80977465
2026-04-26 08:00:00+00:00,VIRTUALUSDT,VIRTUAL,USDT,23073531.5,16337286.66019923
2026-04-26 09:00:00+00:00,VIRTUALUSDT,VIRTUAL,USDT,22931980.4,16199150.95456
2026-04-26 10:00:00+00:00,VIRTUALUSDT,VIRTUAL,USDT,23056140.7,16397583.2922619
2026-04-26 11:00:00+00:00,VIRTUALUSDT,VIRTUAL,USDT,23145844.1,16537705.60945
2026-04-26 12:00:00+00:00,VIRTUALUSDT,VIRTUAL,USDT,23120547.0,16522372.00355232
2026-04-26 13:00:00+00:00,VIRTUALUSDT,VIRTUAL,USDT,22849259.0,16202584.58222394
2026-04-26 14:00:00+00:00,VIRTUALUSDT,VIRTUAL,USDT,22918871.6,16219685.43132
2026-04-26 15:00:00+00:00,VIRTUALUSDT,VIRTUAL,USDT,23082532.2,16450920.69894
2026-04-26 16:00:00+00:00,VIRTUALUSDT,VIRTUAL,USDT,22989011.6,16390539.73979436
2026-04-26 17:00:00+00:00,VIRTUALUSDT,VIRTUAL,USDT,22976086.1,16269939.8207582
2026-04-26 18:00:00+00:00,VIRTUALUSDT,VIRTUAL,USDT,23062035.0,16383269.664
2026-04-26 19:00:00+00:00,VIRTUALUSDT,VIRTUAL,USDT,23117909.0,16489507.91701468
2026-04-26 20:00:00+00:00,VIRTUALUSDT,VIRTUAL,USDT,23159109.7,16524024.77095
2026-04-26 21:00:00+00:00,VIRTUALUSDT,VIRTUAL,USDT,23205327.9,16519948.1172724
2026-04-26 22:00:00+00:00,VIRTUALUSDT,VIRTUAL,USDT,23116077.8,16467150.41165795
2026-04-26 23:00:00+00:00,VIRTUALUSDT,VIRTUAL,USDT,23082486.6,16432799.84002078
2026-04-27 00:00:00+00:00,VIRTUALUSDT,VIRTUAL,USDT,23088885.2,16430358.48315972
2026-04-27 01:00:00+00:00,VIRTUALUSDT,VIRTUAL,USDT,23263165.0,16754131.433
2026-04-27 02:00:00+00:00,VIRTUALUSDT,VIRTUAL,USDT,23694802.4,17266402.50888
2026-04-27 03:00:00+00:00,VIRTUALUSDT,VIRTUAL,USDT,24252353.2,17746988.31600939
2026-04-27 04:00:00+00:00,VIRTUALUSDT,VIRTUAL,USDT,24401922.6,17840310.52197412
2026-04-27 05:00:00+00:00,VIRTUALUSDT,VIRTUAL,USDT,24376425.6,17787477.76032
2026-04-27 06:00:00+00:00,VIRTUALUSDT,VIRTUAL,USDT,23424083.2,16469556.99037869
2026-04-27 07:00:00+00:00,VIRTUALUSDT,VIRTUAL,USDT,23260150.0,16256355.3161455
2026-04-27 08:00:00+00:00,VIRTUALUSDT,VIRTUAL,USDT,23293940.2,16194708.93888454
2026-04-27 09:00:00+00:00,VIRTUALUSDT,VIRTUAL,USDT,22907484.9,15994005.95718
2026-04-27 10:00:00+00:00,VIRTUALUSDT,VIRTUAL,USDT,22840526.7,15961400.42331478
2026-04-27 11:00:00+00:00,VIRTUALUSDT,VIRTUAL,USDT,22792017.7,15890594.74044
2026-04-27 12:00:00+00:00,VIRTUALUSDT,VIRTUAL,USDT,22872162.6,15963081.98664337
2026-04-27 13:00:00+00:00,VIRTUALUSDT,VIRTUAL,USDT,22928684.7,16011100.52601
2026-04-27 14:00:00+00:00,VIRTUALUSDT,VIRTUAL,USDT,23039816.4,16042492.37157019
2026-04-27 15:00:00+00:00,VIRTUALUSDT,VIRTUAL,USDT,22929527.4,16089905.49940106
2026-04-27 16:00:00+00:00,VIRTUALUSDT,VIRTUAL,USDT,22835175.1,15596424.5933
2026-04-27 17:00:00+00:00,VIRTUALUSDT,VIRTUAL,USDT,22780688.4,15575156.65908
2026-04-27 18:00:00+00:00,VIRTUALUSDT,VIRTUAL,USDT,22826531.1,15681549.29508182
2026-04-27 19:00:00+00:00,VIRTUALUSDT,VIRTUAL,USDT,22835736.9,15734956.29007972
2026-04-27 20:00:00+00:00,VIRTUALUSDT,VIRTUAL,USDT,22831645.8,15680774.33544
2026-04-27 21:00:00+00:00,VIRTUALUSDT,VIRTUAL,USDT,22862045.7,15721512.10275731
2026-04-27 22:00:00+00:00,VIRTUALUSDT,VIRTUAL,USDT,23036357.2,15905506.73381585
2026-04-27 23:00:00+00:00,VIRTUALUSDT,VIRTUAL,USDT,23062827.0,16037889.8958
2026-04-28 00:00:00+00:00,VIRTUALUSDT,VIRTUAL,USDT,23086832.3,16121728.46274467
2026-04-28 01:00:00+00:00,VIRTUALUSDT,VIRTUAL,USDT,23166337.3,16190953.13897
2026-04-28 02:00:00+00:00,VIRTUALUSDT,VIRTUAL,USDT,23069094.1,16045760.30671673
2026-04-28 03:00:00+00:00,VIRTUALUSDT,VIRTUAL,USDT,22838791.6,15795319.91834372
2026-04-28 04:00:00+00:00,VIRTUALUSDT,VIRTUAL,USDT,22882611.4,15802760.26493036
2026-04-28 05:00:00+00:00,VIRTUALUSDT,VIRTUAL,USDT,23019743.3,15926209.402105
2026-04-28 06:00:00+00:00,VIRTUALUSDT,VIRTUAL,USDT,23082773.5,15988559.59640153
2026-04-28 07:00:00+00:00,VIRTUALUSDT,VIRTUAL,USDT,23008480.0,15811427.456
2026-04-28 08:00:00+00:00,VIRTUALUSDT,VIRTUAL,USDT,22978578.9,15813857.99898
2026-04-28 09:00:00+00:00,VIRTUALUSDT,VIRTUAL,USDT,23063270.1,15906737.38797
2026-04-28 10:00:00+00:00,VIRTUALUSDT,VIRTUAL,USDT,23050033.1,15800056.4009855
2026-04-28 11:00:00+00:00,VIRTUALUSDT,VIRTUAL,USDT,23308650.0,16015373.415
2026-04-28 12:00:00+00:00,VIRTUALUSDT,VIRTUAL,USDT,23417019.2,16017521.66869002
2026-04-28 13:00:00+00:00,VIRTUALUSDT,VIRTUAL,USDT,23027902.4,15730360.12944
2026-04-28 14:00:00+00:00,VIRTUALUSDT,VIRTUAL,USDT,22946660.2,15673323.40278738
2026-04-28 15:00:00+00:00,VIRTUALUSDT,VIRTUAL,USDT,22877978.5,15642293.207328
2026-04-28 16:00:00+00:00,VIRTUALUSDT,VIRTUAL,USDT,23664255.4,16310517.75161146
2026-04-28 17:00:00+00:00,VIRTUALUSDT,VIRTUAL,USDT,23358825.9,16040505.74553
2026-04-28 18:00:00+00:00,VIRTUALUSDT,VIRTUAL,USDT,23326857.2,16051531.88341222
2026-04-28 19:00:00+00:00,VIRTUALUSDT,VIRTUAL,USDT,23374920.6,16165711.73826216
2026-04-28 20:00:00+00:00,VIRTUALUSDT,VIRTUAL,USDT,23298196.5,16103713.4208
2026-04-28 21:00:00+00:00,VIRTUALUSDT,VIRTUAL,USDT,23285775.5,16083568.73378404
2026-04-28 22:00:00+00:00,VIRTUALUSDT,VIRTUAL,USDT,23265044.4,16026232.6214938
2026-04-28 23:00:00+00:00,VIRTUALUSDT,VIRTUAL,USDT,23252864.0,16030524.4416
2026-04-29 00:00:00+00:00,VIRTUALUSDT,VIRTUAL,USDT,23252232.5,16039389.9785
2026-04-29 01:00:00+00:00,VIRTUALUSDT,VIRTUAL,USDT,23177207.8,15979237.82501705
2026-04-29 02:00:00+00:00,VIRTUALUSDT,VIRTUAL,USDT,23211127.6,16023689.13257986
2026-04-29 03:00:00+00:00,VIRTUALUSDT,VIRTUAL,USDT,23241834.2,16037893.58432667
2026-04-29 04:00:00+00:00,VIRTUALUSDT,VIRTUAL,USDT,23266221.7,16350669.54132088
2026-04-29 05:00:00+00:00,VIRTUALUSDT,VIRTUAL,USDT,23385876.3,16601633.58537
2026-04-29 06:00:00+00:00,VIRTUALUSDT,VIRTUAL,USDT,23375435.6,16636297.51652
2026-04-29 07:00:00+00:00,VIRTUALUSDT,VIRTUAL,USDT,23093929.6,16271701.97397606
2026-04-29 08:00:00+00:00,VIRTUALUSDT,VIRTUAL,USDT,23088110.3,16290473.54066524
2026-04-29 09:00:00+00:00,VIRTUALUSDT,VIRTUAL,USDT,23015770.9,16195167.56626681
2026-04-29 10:00:00+00:00,VIRTUALUSDT,VIRTUAL,USDT,23327058.7,16786151.44052
2026-04-29 11:00:00+00:00,VIRTUALUSDT,VIRTUAL,USDT,23588143.0,16960654.64100758
2026-04-29 12:00:00+00:00,VIRTUALUSDT,VIRTUAL,USDT,23539178.9,16804619.81671
2026-04-29 13:00:00+00:00,VIRTUALUSDT,VIRTUAL,USDT,23441653.9,16552666.12867657
2026-04-29 14:00:00+00:00,VIRTUALUSDT,VIRTUAL,USDT,23387983.7,16403722.51020462
2026-04-29 15:00:00+00:00,VIRTUALUSDT,VIRTUAL,USDT,23336144.2,16295629.49486
2026-04-29 16:00:00+00:00,VIRTUALUSDT,VIRTUAL,USDT,22862148.0,15655864.97821272
2026-04-29 17:00:00+00:00,VIRTUALUSDT,VIRTUAL,USDT,22728746.2,15462366.03986
2026-04-29 18:00:00+00:00,VIRTUALUSDT,VIRTUAL,USDT,22752356.3,15673218.87649901
2026-04-29 19:00:00+00:00,VIRTUALUSDT,VIRTUAL,USDT,22599292.7,15304241.01644
2026-04-29 20:00:00+00:00,VIRTUALUSDT,VIRTUAL,USDT,22568453.4,15256416.90534096
2026-04-29 21:00:00+00:00,VIRTUALUSDT,VIRTUAL,USDT,22639360.2,15430611.19336627
2026-04-29 22:00:00+00:00,VIRTUALUSDT,VIRTUAL,USDT,22634150.1,15548062.46867844
2026-04-29 23:00:00+00:00,VIRTUALUSDT,VIRTUAL,USDT,22623629.1,15557666.3598819
2026-04-30 00:00:00+00:00,VIRTUALUSDT,VIRTUAL,USDT,22807472.6,15689260.40154
2026-04-30 01:00:00+00:00,VIRTUALUSDT,VIRTUAL,USDT,22831488.6,15959210.5314
2026-04-30 02:00:00+00:00,VIRTUALUSDT,VIRTUAL,USDT,22907745.9,16122471.56442
2026-04-30 03:00:00+00:00,VIRTUALUSDT,VIRTUAL,USDT,22901111.3,15800176.0858091
2026-04-30 04:00:00+00:00,VIRTUALUSDT,VIRTUAL,USDT,22745504.1,15782836.89804162
2026-04-30 05:00:00+00:00,VIRTUALUSDT,VIRTUAL,USDT,22413990.9,15335652.57378
2026-04-30 06:00:00+00:00,VIRTUALUSDT,VIRTUAL,USDT,22303346.5,15291174.3604
2026-04-30 07:00:00+00:00,VIRTUALUSDT,VIRTUAL,USDT,22254926.2,15322989.82843101
2026-04-30 08:00:00+00:00,VIRTUALUSDT,VIRTUAL,USDT,22297360.6,15483287.20064
2026-04-30 09:00:00+00:00,VIRTUALUSDT,VIRTUAL,USDT,22318183.0,15383923.5419
2026-04-30 10:00:00+00:00,VIRTUALUSDT,VIRTUAL,USDT,22355950.8,15465846.76344
2026-04-30 11:00:00+00:00,VIRTUALUSDT,VIRTUAL,USDT,22252740.7,15356786.81306376
2026-04-30 12:00:00+00:00,VIRTUALUSDT,VIRTUAL,USDT,22602287.5,15668814.53298038
2026-04-30 13:00:00+00:00,VIRTUALUSDT,VIRTUAL,USDT,22821502.5,15851815.6365
2026-04-30 14:00:00+00:00,VIRTUALUSDT,VIRTUAL,USDT,22761441.2,15784614.48602454
2026-04-30 15:00:00+00:00,VIRTUALUSDT,VIRTUAL,USDT,22687706.1,15683405.46517713
2026-04-30 16:00:00+00:00,VIRTUALUSDT,VIRTUAL,USDT,22590537.9,15653718.35520251
2026-04-30 17:00:00+00:00,VIRTUALUSDT,VIRTUAL,USDT,22691920.5,15603128.14454681
2026-04-30 18:00:00+00:00,VIRTUALUSDT,VIRTUAL,USDT,22762616.7,15659966.45394029
2026-04-30 19:00:00+00:00,VIRTUALUSDT,VIRTUAL,USDT,22796360.0,15667034.5802896
2026-04-30 20:00:00+00:00,VIRTUALUSDT,VIRTUAL,USDT,22785688.5,15655261.82923806
2026-04-30 21:00:00+00:00,VIRTUALUSDT,VIRTUAL,USDT,22799243.5,15626601.4949
2026-04-30 22:00:00+00:00,VIRTUALUSDT,VIRTUAL,USDT,22684770.0,15501747.8274822
2026-04-30 23:00:00+00:00,VIRTUALUSDT,VIRTUAL,USDT,22828972.5,15588508.87200218
2026-05-01 00:00:00+00:00,VIRTUALUSDT,VIRTUAL,USDT,22892019.1,15708503.50642
2026-05-01 01:00:00+00:00,VIRTUALUSDT,VIRTUAL,USDT,22912427.2,15750002.45728
2026-05-01 02:00:00+00:00,VIRTUALUSDT,VIRTUAL,USDT,23257405.2,16134592.283448
2026-05-01 03:00:00+00:00,VIRTUALUSDT,VIRTUAL,USDT,23333843.9,16209876.22082094
2026-05-01 04:00:00+00:00,VIRTUALUSDT,VIRTUAL,USDT,23702824.3,16646493.50589
2026-05-01 05:00:00+00:00,VIRTUALUSDT,VIRTUAL,USDT,23731975.5,16581531.28185
2026-05-01 06:00:00+00:00,VIRTUALUSDT,VIRTUAL,USDT,23724087.1,16590254.10903
2026-05-01 07:00:00+00:00,VIRTUALUSDT,VIRTUAL,USDT,23725867.1,16454271.53208632
2026-05-01 08:00:00+00:00,VIRTUALUSDT,VIRTUAL,USDT,23649471.4,16399252.952902
2026-05-01 09:00:00+00:00,VIRTUALUSDT,VIRTUAL,USDT,23985700.9,16777997.77955
2026-05-01 10:00:00+00:00,VIRTUALUSDT,VIRTUAL,USDT,24472145.0,17054637.8505
2026-05-01 11:00:00+00:00,VIRTUALUSDT,VIRTUAL,USDT,24559943.1,17162488.23828
2026-05-01 12:00:00+00:00,VIRTUALUSDT,VIRTUAL,USDT,24595397.2,17199561.26196
2026-05-01 13:00:00+00:00,VIRTUALUSDT,VIRTUAL,USDT,24880507.6,17443723.87836
2026-05-01 14:00:00+00:00,VIRTUALUSDT,VIRTUAL,USDT,24985983.5,17737549.68665
2026-05-01 15:00:00+00:00,VIRTUALUSDT,VIRTUAL,USDT,25124702.1,17815398.89161292
2026-05-01 16:00:00+00:00,VIRTUALUSDT,VIRTUAL,USDT,25332945.6,18004124.43792
2026-05-01 17:00:00+00:00,VIRTUALUSDT,VIRTUAL,USDT,25355208.5,17956558.6597
2026-05-01 18:00:00+00:00,VIRTUALUSDT,VIRTUAL,USDT,25299871.3,17973028.57152
2026-05-01 19:00:00+00:00,VIRTUALUSDT,VIRTUAL,USDT,25295633.1,17942274.51568124
2026-05-01 20:00:00+00:00,VIRTUALUSDT,VIRTUAL,USDT,25219299.8,17856559.26944473
2026-05-01 21:00:00+00:00,VIRTUALUSDT,VIRTUAL,USDT,25281978.7,17710030.63010617
2026-05-01 22:00:00+00:00,VIRTUALUSDT,VIRTUAL,USDT,25114296.0,17628848.72943192
2026-05-01 23:00:00+00:00,VIRTUALUSDT,VIRTUAL,USDT,25130343.1,17564470.57461959
2026-05-02 00:00:00+00:00,VIRTUALUSDT,VIRTUAL,USDT,24994110.6,17463385.07622
2026-05-02 01:00:00+00:00,VIRTUALUSDT,VIRTUAL,USDT,25021978.4,17512882.68216
2026-05-02 02:00:00+00:00,VIRTUALUSDT,VIRTUAL,USDT,24997690.8,17500883.32908
2026-05-02 03:00:00+00:00,VIRTUALUSDT,VIRTUAL,USDT,24887290.8,17380059.68888555
2026-05-02 04:00:00+00:00,VIRTUALUSDT,VIRTUAL,USDT,25619824.4,18044042.32492
2026-05-02 05:00:00+00:00,VIRTUALUSDT,VIRTUAL,USDT,25663094.5,17973126.16281373
2026-05-02 06:00:00+00:00,VIRTUALUSDT,VIRTUAL,USDT,25518727.3,17834916.02007896
2026-05-02 07:00:00+00:00,VIRTUALUSDT,VIRTUAL,USDT,25484536.1,17930979.23377448
2026-05-02 08:00:00+00:00,VIRTUALUSDT,VIRTUAL,USDT,25529148.4,17895933.0284
2026-05-02 09:00:00+00:00,VIRTUALUSDT,VIRTUAL,USDT,25598044.2,17916071.13558
2026-05-02 10:00:00+00:00,VIRTUALUSDT,VIRTUAL,USDT,25771604.9,18120015.40519
2026-05-02 11:00:00+00:00,VIRTUALUSDT,VIRTUAL,USDT,25796220.9,18085730.47299
2026-05-02 12:00:00+00:00,VIRTUALUSDT,VIRTUAL,USDT,25690498.4,17962796.48128
2026-05-02 13:00:00+00:00,VIRTUALUSDT,VIRTUAL,USDT,25774695.4,18063075.87606878
2026-05-02 14:00:00+00:00,VIRTUALUSDT,VIRTUAL,USDT,25820792.8,18224315.55824
2026-05-02 15:00:00+00:00,VIRTUALUSDT,VIRTUAL,USDT,26132673.6,18598623.80112
2026-05-02 16:00:00+00:00,VIRTUALUSDT,VIRTUAL,USDT,26682862.6,19155627.06054
2026-05-02 17:00:00+00:00,VIRTUALUSDT,VIRTUAL,USDT,27176827.3,19599927.84876
2026-05-02 18:00:00+00:00,VIRTUALUSDT,VIRTUAL,USDT,27367274.2,19686345.46637186
2026-05-02 19:00:00+00:00,VIRTUALUSDT,VIRTUAL,USDT,27395795.9,19883868.66422
2026-05-02 20:00:00+00:00,VIRTUALUSDT,VIRTUAL,USDT,27994381.6,20577383.8522693
2026-05-02 21:00:00+00:00,VIRTUALUSDT,VIRTUAL,USDT,28964481.6,21952180.60464
2026-05-02 22:00:00+00:00,VIRTUALUSDT,VIRTUAL,USDT,29179476.6,22010079.19938
2026-05-02 23:00:00+00:00,VIRTUALUSDT,VIRTUAL,USDT,29853072.5,22537821.8790695
2026-05-03 00:00:00+00:00,VIRTUALUSDT,VIRTUAL,USDT,30007651.1,22499736.79478
2026-05-03 01:00:00+00:00,VIRTUALUSDT,VIRTUAL,USDT,29900006.8,22294382.73429325
2026-05-03 02:00:00+00:00,VIRTUALUSDT,VIRTUAL,USDT,29772188.1,21894467.12874
2026-05-03 03:00:00+00:00,VIRTUALUSDT,VIRTUAL,USDT,29552644.4,21655187.8027326
2026-05-03 04:00:00+00:00,VIRTUALUSDT,VIRTUAL,USDT,29410995.5,21471030.80638637
2026-05-03 05:00:00+00:00,VIRTUALUSDT,VIRTUAL,USDT,29550364.5,21598361.41305
2026-05-03 06:00:00+00:00,VIRTUALUSDT,VIRTUAL,USDT,29697088.4,21822710.00389833
2026-05-03 07:00:00+00:00,VIRTUALUSDT,VIRTUAL,USDT,29683072.8,21853857.50384234
2026-05-03 08:00:00+00:00,VIRTUALUSDT,VIRTUAL,USDT,29828998.4,22013800.8192
2026-05-03 09:00:00+00:00,VIRTUALUSDT,VIRTUAL,USDT,30195652.2,22390076.1063
2026-05-03 10:00:00+00:00,VIRTUALUSDT,VIRTUAL,USDT,29891284.3,22073412.88577011
2026-05-03 11:00:00+00:00,VIRTUALUSDT,VIRTUAL,USDT,29711983.1,21781953.75151372
2026-05-03 12:00:00+00:00,VIRTUALUSDT,VIRTUAL,USDT,29638383.0,21920548.0668
2026-05-03 13:00:00+00:00,VIRTUALUSDT,VIRTUAL,USDT,30117735.6,22482889.6254
2026-05-03 14:00:00+00:00,VIRTUALUSDT,VIRTUAL,USDT,30096403.2,22383643.9994329
2026-05-03 15:00:00+00:00,VIRTUALUSDT,VIRTUAL,USDT,30294589.2,22797093.10592615
2026-05-03 16:00:00+00:00,VIRTUALUSDT,VIRTUAL,USDT,30222612.6,22655649.2416867
2026-05-03 17:00:00+00:00,VIRTUALUSDT,VIRTUAL,USDT,30207955.4,22628779.39014
2026-05-03 18:00:00+00:00,VIRTUALUSDT,VIRTUAL,USDT,30161497.9,22524954.39379079
2026-05-03 19:00:00+00:00,VIRTUALUSDT,VIRTUAL,USDT,30146638.1,22563775.53598156
2026-05-03 20:00:00+00:00,VIRTUALUSDT,VIRTUAL,USDT,30117524.2,22574386.66964641
2026-05-03 21:00:00+00:00,VIRTUALUSDT,VIRTUAL,USDT,30095035.7,22709713.93922
2026-05-03 22:00:00+00:00,VIRTUALUSDT,VIRTUAL,USDT,30051160.3,22517307.66725733
2026-05-03 23:00:00+00:00,VIRTUALUSDT,VIRTUAL,USDT,30082598.1,22865782.81581
2026-05-04 00:00:00+00:00,VIRTUALUSDT,VIRTUAL,USDT,30062484.9,22613001.14178
2026-05-04 01:00:00+00:00,VIRTUALUSDT,VIRTUAL,USDT,29880354.8,22559667.874
2026-05-04 02:00:00+00:00,VIRTUALUSDT,VIRTUAL,USDT,30144404.8,23312281.25894085
2026-05-04 03:00:00+00:00,VIRTUALUSDT,VIRTUAL,USDT,30027989.4,23221093.42174142
2026-05-04 04:00:00+00:00,VIRTUALUSDT,VIRTUAL,USDT,29991554.7,23246454.04797
2026-05-04 05:00:00+00:00,VIRTUALUSDT,VIRTUAL,USDT,30027674.0,23301475.024
2026-05-04 06:00:00+00:00,VIRTUALUSDT,VIRTUAL,USDT,30145190.7,23300829.15247291
2026-05-04 07:00:00+00:00,VIRTUALUSDT,VIRTUAL,USDT,30224220.7,23287762.04935
2026-05-04 08:00:00+00:00,VIRTUALUSDT,VIRTUAL,USDT,30007132.9,23103194.38676252
2026-05-04 09:00:00+00:00,VIRTUALUSDT,VIRTUAL,USDT,29950261.0,23024918.75496329
2026-05-04 10:00:00+00:00,VIRTUALUSDT,VIRTUAL,USDT,30061101.0,23159911.81695093
2026-05-04 11:00:00+00:00,VIRTUALUSDT,VIRTUAL,USDT,29377450.5,21927368.71275818
2026-05-04 12:00:00+00:00,VIRTUALUSDT,VIRTUAL,USDT,29287675.8,21819318.471
2026-05-04 13:00:00+00:00,VIRTUALUSDT,VIRTUAL,USDT,28831457.0,21377972.08984017
2026-05-04 14:00:00+00:00,VIRTUALUSDT,VIRTUAL,USDT,28644078.0,21189856.57182888
2026-05-04 15:00:00+00:00,VIRTUALUSDT,VIRTUAL,USDT,28787746.1,21709563.05794695
2026-05-04 16:00:00+00:00,VIRTUALUSDT,VIRTUAL,USDT,28246916.1,20998757.42874
2026-05-04 17:00:00+00:00,VIRTUALUSDT,VIRTUAL,USDT,28167534.8,20900389.40902209
2026-05-04 18:00:00+00:00,VIRTUALUSDT,VIRTUAL,USDT,28178250.6,21132725.94452452
2026-05-04 19:00:00+00:00,VIRTUALUSDT,VIRTUAL,USDT,28105122.4,21050736.6776
2026-05-04 20:00:00+00:00,VIRTUALUSDT,VIRTUAL,USDT,27931540.1,20727995.90821
2026-05-04 21:00:00+00:00,VIRTUALUSDT,VIRTUAL,USDT,27846165.3,20548761.62915884
2026-05-04 22:00:00+00:00,VIRTUALUSDT,VIRTUAL,USDT,27729539.1,20619685.27476
2026-05-04 23:00:00+00:00,VIRTUALUSDT,VIRTUAL,USDT,27596192.0,20402640.1985952
2026-05-05 00:00:00+00:00,VIRTUALUSDT,VIRTUAL,USDT,27454336.6,20195410.00296
2026-05-05 01:00:00+00:00,VIRTUALUSDT,VIRTUAL,USDT,27446419.9,20277345.85714185
2026-05-05 02:00:00+00:00,VIRTUALUSDT,VIRTUAL,USDT,27766578.6,20629619.9488066
2026-05-05 03:00:00+00:00,VIRTUALUSDT,VIRTUAL,USDT,27756561.6,20612022.64416
2026-05-05 04:00:00+00:00,VIRTUALUSDT,VIRTUAL,USDT,27886324.9,20840048.48057586
2026-05-05 05:00:00+00:00,VIRTUALUSDT,VIRTUAL,USDT,27787515.7,20760052.97947
2026-05-05 06:00:00+00:00,VIRTUALUSDT,VIRTUAL,USDT,27850784.4,20822912.45136281
2026-05-05 07:00:00+00:00,VIRTUALUSDT,VIRTUAL,USDT,27971162.1,21025922.55057
2026-05-05 08:00:00+00:00,VIRTUALUSDT,VIRTUAL,USDT,28226793.1,21295645.62483328
2026-05-05 09:00:00+00:00,VIRTUALUSDT,VIRTUAL,USDT,27961620.9,21091450.64487
2026-05-05 10:00:00+00:00,VIRTUALUSDT,VIRTUAL,USDT,27740122.6,20694393.8811598
2026-05-05 11:00:00+00:00,VIRTUALUSDT,VIRTUAL,USDT,27491786.5,20600559.21156682
2026-05-05 12:00:00+00:00,VIRTUALUSDT,VIRTUAL,USDT,27710503.9,20843841.03358
2026-05-05 13:00:00+00:00,VIRTUALUSDT,VIRTUAL,USDT,27913412.9,21044704.11913946
2026-05-05 14:00:00+00:00,VIRTUALUSDT,VIRTUAL,USDT,28811281.9,22047084.3806456
2026-05-05 15:00:00+00:00,VIRTUALUSDT,VIRTUAL,USDT,29110317.2,22253662.60699781
2026-05-05 16:00:00+00:00,VIRTUALUSDT,VIRTUAL,USDT,31029443.2,24714951.5088
2026-05-05 17:00:00+00:00,VIRTUALUSDT,VIRTUAL,USDT,32009941.9,25653220.05923847
2026-05-05 18:00:00+00:00,VIRTUALUSDT,VIRTUAL,USDT,31986849.0,25541498.9265
2026-05-05 19:00:00+00:00,VIRTUALUSDT,VIRTUAL,USDT,32479402.6,26665589.5346
2026-05-05 20:00:00+00:00,VIRTUALUSDT,VIRTUAL,USDT,32833710.4,27045748.47028077
2026-05-05 21:00:00+00:00,VIRTUALUSDT,VIRTUAL,USDT,32412829.0,26546106.951
2026-05-05 22:00:00+00:00,VIRTUALUSDT,VIRTUAL,USDT,32588355.9,26545452.74529897
2026-05-05 23:00:00+00:00,VIRTUALUSDT,VIRTUAL,USDT,32586935.3,26426557.34250333
2026-05-06 00:00:00+00:00,VIRTUALUSDT,VIRTUAL,USDT,32446335.1,26073874.88636
2026-05-06 01:00:00+00:00,VIRTUALUSDT,VIRTUAL,USDT,32452657.2,26259231.45929886
2026-05-06 02:00:00+00:00,VIRTUALUSDT,VIRTUAL,USDT,33214630.1,27471820.55571
2026-05-06 03:00:00+00:00,VIRTUALUSDT,VIRTUAL,USDT,32812858.6,26814668.04792
2026-05-06 04:00:00+00:00,VIRTUALUSDT,VIRTUAL,USDT,32797051.3,26903421.18139
2026-05-06 05:00:00+00:00,VIRTUALUSDT,VIRTUAL,USDT,33278449.2,27308295.41352
2026-05-06 06:00:00+00:00,VIRTUALUSDT,VIRTUAL,USDT,33765702.5,28096441.05025
2026-05-06 07:00:00+00:00,VIRTUALUSDT,VIRTUAL,USDT,33958014.7,28310593.44688195
2026-05-06 08:00:00+00:00,VIRTUALUSDT,VIRTUAL,USDT,33175254.0,27369584.55
2026-05-06 09:00:00+00:00,VIRTUALUSDT,VIRTUAL,USDT,33890583.2,28417254.0132
2026-05-06 10:00:00+00:00,VIRTUALUSDT,VIRTUAL,USDT,33710716.6,28437006.02716701
2026-05-06 11:00:00+00:00,VIRTUALUSDT,VIRTUAL,USDT,33403921.4,28069315.15242
2026-05-06 12:00:00+00:00,VIRTUALUSDT,VIRTUAL,USDT,34548812.4,29439043.04604
2026-05-06 13:00:00+00:00,VIRTUALUSDT,VIRTUAL,USDT,37108732.2,31531289.75034
2026-05-06 14:00:00+00:00,VIRTUALUSDT,VIRTUAL,USDT,35533219.7,29548274.58153392
2026-05-06 15:00:00+00:00,VIRTUALUSDT,VIRTUAL,USDT,34698572.0,29195378.4808
2026-05-06 16:00:00+00:00,VIRTUALUSDT,VIRTUAL,USDT,34955311.0,30073971.70166146
2026-05-06 17:00:00+00:00,VIRTUALUSDT,VIRTUAL,USDT,34614059.4,30048464.96514
2026-05-06 18:00:00+00:00,VIRTUALUSDT,VIRTUAL,USDT,34431251.1,29755487.20062
2026-05-06 19:00:00+00:00,VIRTUALUSDT,VIRTUAL,USDT,34094995.9,29427390.96129
2026-05-06 20:00:00+00:00,VIRTUALUSDT,VIRTUAL,USDT,34075059.7,29679376.9987
2026-05-06 21:00:00+00:00,VIRTUALUSDT,VIRTUAL,USDT,34090530.4,29977131.54778438
2026-05-06 22:00:00+00:00,VIRTUALUSDT,VIRTUAL,USDT,34204946.2,30438263.66155926
2026-05-06 23:00:00+00:00,VIRTUALUSDT,VIRTUAL,USDT,34193849.5,29706068.49003314
2026-05-07 00:00:00+00:00,VIRTUALUSDT,VIRTUAL,USDT,33882416.3,29481090.42263
2026-05-07 01:00:00+00:00,VIRTUALUSDT,VIRTUAL,USDT,33370617.6,28648675.2096
2026-05-07 02:00:00+00:00,VIRTUALUSDT,VIRTUAL,USDT,32963543.1,27843360.45106018
2026-05-07 03:00:00+00:00,VIRTUALUSDT,VIRTUAL,USDT,33081061.8,28069364.30157574
2026-05-07 04:00:00+00:00,VIRTUALUSDT,VIRTUAL,USDT,33423300.1,28670506.82578
2026-05-07 05:00:00+00:00,VIRTUALUSDT,VIRTUAL,USDT,33992769.9,30369140.62866
2026-05-07 06:00:00+00:00,VIRTUALUSDT,VIRTUAL,USDT,34790964.3,31597395.22655224
2026-05-07 07:00:00+00:00,VIRTUALUSDT,VIRTUAL,USDT,35263706.5,33229041.41468736
2026-05-07 08:00:00+00:00,VIRTUALUSDT,VIRTUAL,USDT,40162613.9,38394988.58419123
2026-05-07 09:00:00+00:00,VIRTUALUSDT,VIRTUAL,USDT,39837937.4,38009413.91938053
2026-05-07 10:00:00+00:00,VIRTUALUSDT,VIRTUAL,USDT,38625540.4,35597983.6359821
2026-05-07 11:00:00+00:00,VIRTUALUSDT,VIRTUAL,USDT,38219958.9,34695995.75210919
2026-05-07 12:00:00+00:00,VIRTUALUSDT,VIRTUAL,USDT,38733603.3,35580687.99138
2026-05-07 13:00:00+00:00,VIRTUALUSDT,VIRTUAL,USDT,38641113.8,36094664.40058
2026-05-07 14:00:00+00:00,VIRTUALUSDT,VIRTUAL,USDT,38201281.6,35400877.05831271
2026-05-07 15:00:00+00:00,VIRTUALUSDT,VIRTUAL,USDT,37319855.2,33578951.72740141
2026-05-07 16:00:00+00:00,VIRTUALUSDT,VIRTUAL,USDT,36723137.2,32448564.02992
2026-05-07 17:00:00+00:00,VIRTUALUSDT,VIRTUAL,USDT,36655485.9,32448963.18622259
2026-05-07 18:00:00+00:00,VIRTUALUSDT,VIRTUAL,USDT,36674886.6,32908375.74618
2026-05-07 19:00:00+00:00,VIRTUALUSDT,VIRTUAL,USDT,36603169.5,32769328.63641474
2026-05-07 20:00:00+00:00,VIRTUALUSDT,VIRTUAL,USDT,36572184.7,32647989.28169
2026-05-07 21:00:00+00:00,VIRTUALUSDT,VIRTUAL,USDT,36410851.6,32099806.77056
2026-05-07 22:00:00+00:00,VIRTUALUSDT,VIRTUAL,USDT,36336052.1,32160263.93899766
2026-05-07 23:00:00+00:00,VIRTUALUSDT,VIRTUAL,USDT,36537665.6,32883030.17431203
2026-05-08 00:00:00+00:00,VIRTUALUSDT,VIRTUAL,USDT,36903243.7,33519011.43970747
2026-05-08 01:00:00+00:00,VIRTUALUSDT,VIRTUAL,USDT,36550186.5,33172949.2674
2026-05-08 02:00:00+00:00,VIRTUALUSDT,VIRTUAL,USDT,36562353.0,33066076.16625735
2026-05-08 03:00:00+00:00,VIRTUALUSDT,VIRTUAL,USDT,36989256.3,33645427.53048
2026-05-08 04:00:00+00:00,VIRTUALUSDT,VIRTUAL,USDT,37478155.4,34292512.191
2026-05-08 05:00:00+00:00,VIRTUALUSDT,VIRTUAL,USDT,37509316.0,34279763.8924
2026-05-08 06:00:00+00:00,VIRTUALUSDT,VIRTUAL,USDT,36940148.8,33088449.35382488
2026-05-08 07:00:00+00:00,VIRTUALUSDT,VIRTUAL,USDT,36786039.6,33215639.56832102
2026-05-08 08:00:00+00:00,VIRTUALUSDT,VIRTUAL,USDT,36992641.7,34277381.79922
2026-05-08 09:00:00+00:00,VIRTUALUSDT,VIRTUAL,USDT,37312782.5,34851512.33852383
2026-05-08 10:00:00+00:00,VIRTUALUSDT,VIRTUAL,USDT,37310354.1,34847330.10236909
2026-05-08 11:00:00+00:00,VIRTUALUSDT,VIRTUAL,USDT,36919417.0,33899408.6894
2026-05-08 12:00:00+00:00,VIRTUALUSDT,VIRTUAL,USDT,36759230.8,33759677.56672
2026-05-08 13:00:00+00:00,VIRTUALUSDT,VIRTUAL,USDT,36519113.0,33550109.1131
2026-05-08 14:00:00+00:00,VIRTUALUSDT,VIRTUAL,USDT,36112945.9,32689438.62868
2026-05-08 15:00:00+00:00,VIRTUALUSDT,VIRTUAL,USDT,35626369.2,32281053.13212
2026-05-08 16:00:00+00:00,VIRTUALUSDT,VIRTUAL,USDT,35891730.8,32909127.97052
2026-05-08 17:00:00+00:00,VIRTUALUSDT,VIRTUAL,USDT,36090068.3,33477810.69053536
2026-05-08 18:00:00+00:00,VIRTUALUSDT,VIRTUAL,USDT,36319476.3,33732507.92057168
2026-05-08 19:00:00+00:00,VIRTUALUSDT,VIRTUAL,USDT,36413492.0,33581431.93143016
2026-05-08 20:00:00+00:00,VIRTUALUSDT,VIRTUAL,USDT,36170619.6,33092499.87204
2026-05-08 21:00:00+00:00,VIRTUALUSDT,VIRTUAL,USDT,35975649.6,32867353.47456
2026-05-08 22:00:00+00:00,VIRTUALUSDT,VIRTUAL,USDT,35818131.2,33120415.93786566
2026-05-08 23:00:00+00:00,VIRTUALUSDT,VIRTUAL,USDT,35695907.3,33311420.69236
2026-05-09 00:00:00+00:00,VIRTUALUSDT,VIRTUAL,USDT,35935171.7,33450213.97020098
2026-05-09 01:00:00+00:00,VIRTUALUSDT,VIRTUAL,USDT,36311512.1,34550403.76315
2026-05-09 02:00:00+00:00,VIRTUALUSDT,VIRTUAL,USDT,36226463.7,34465857.56418
2026-05-09 03:00:00+00:00,VIRTUALUSDT,VIRTUAL,USDT,36415412.3,35028872.53496775
2026-05-09 04:00:00+00:00,VIRTUALUSDT,VIRTUAL,USDT,35568963.4,33417041.1143
2026-05-09 05:00:00+00:00,VIRTUALUSDT,VIRTUAL,USDT,35656233.3,33320104.28446494
2026-05-09 06:00:00+00:00,VIRTUALUSDT,VIRTUAL,USDT,35715114.9,33520250.72829693
2026-05-09 07:00:00+00:00,VIRTUALUSDT,VIRTUAL,USDT,35726937.6,33511867.4688
2026-05-09 08:00:00+00:00,VIRTUALUSDT,VIRTUAL,USDT,35113187.9,32520404.82396871
2026-05-09 09:00:00+00:00,VIRTUALUSDT,VIRTUAL,USDT,35000898.0,32634837.2952
2026-05-09 10:00:00+00:00,VIRTUALUSDT,VIRTUAL,USDT,34876199.2,32187244.24168
2026-05-09 11:00:00+00:00,VIRTUALUSDT,VIRTUAL,USDT,34776001.1,32329052.11820054
2026-05-09 12:00:00+00:00,VIRTUALUSDT,VIRTUAL,USDT,34628816.7,32361560.37503106
2026-05-09 13:00:00+00:00,VIRTUALUSDT,VIRTUAL,USDT,34940138.7,32896140.58605
2026-05-09 14:00:00+00:00,VIRTUALUSDT,VIRTUAL,USDT,34746079.9,32390295.68278
2026-05-09 15:00:00+00:00,VIRTUALUSDT,VIRTUAL,USDT,34714344.7,32116850.10640455
2026-05-09 16:00:00+00:00,VIRTUALUSDT,VIRTUAL,USDT,34763701.7,32066038.44808
2026-05-09 17:00:00+00:00,VIRTUALUSDT,VIRTUAL,USDT,34819058.2,32092725.94294
2026-05-09 18:00:00+00:00,VIRTUALUSDT,VIRTUAL,USDT,34801811.8,32403966.96698
2026-05-09 19:00:00+00:00,VIRTUALUSDT,VIRTUAL,USDT,34842178.9,32717136.98779955
2026-05-09 20:00:00+00:00,VIRTUALUSDT,VIRTUAL,USDT,34817473.0,32721461.1254
2026-05-09 21:00:00+00:00,VIRTUALUSDT,VIRTUAL,USDT,34759521.5,32371542.37295
2026-05-09 22:00:00+00:00,VIRTUALUSDT,VIRTUAL,USDT,34694301.5,32231006.0935
2026-05-09 23:00:00+00:00,VIRTUALUSDT,VIRTUAL,USDT,34697149.4,32247530.65236
2026-05-10 00:00:00+00:00,VIRTUALUSDT,VIRTUAL,USDT,34693026.3,32342686.17358021
2026-05-10 01:00:00+00:00,VIRTUALUSDT,VIRTUAL,USDT,34530004.7,31211671.24833
2026-05-10 02:00:00+00:00,VIRTUALUSDT,VIRTUAL,USDT,34196105.1,30557639.51736
2026-05-10 03:00:00+00:00,VIRTUALUSDT,VIRTUAL,USDT,34032677.0,30340131.5455
2026-05-10 04:00:00+00:00,VIRTUALUSDT,VIRTUAL,USDT,33905728.9,30385563.90639944
2026-05-10 05:00:00+00:00,VIRTUALUSDT,VIRTUAL,USDT,33854776.7,30331482.66646187
2026-05-10 06:00:00+00:00,VIRTUALUSDT,VIRTUAL,USDT,33919927.4,30256596.61035426
2026-05-10 07:00:00+00:00,VIRTUALUSDT,VIRTUAL,USDT,33624032.4,30013002.30474403
2026-05-10 08:00:00+00:00,VIRTUALUSDT,VIRTUAL,USDT,33562395.2,30110650.86384283
2026-05-10 09:00:00+00:00,VIRTUALUSDT,VIRTUAL,USDT,33631242.6,30406006.43466
2026-05-10 10:00:00+00:00,VIRTUALUSDT,VIRTUAL,USDT,33575497.7,30214590.38023
2026-05-10 11:00:00+00:00,VIRTUALUSDT,VIRTUAL,USDT,33480959.8,30196477.64362
2026-05-10 12:00:00+00:00,VIRTUALUSDT,VIRTUAL,USDT,33345888.2,30013088.38690193
2026-05-10 13:00:00+00:00,VIRTUALUSDT,VIRTUAL,USDT,33405551.1,30024909.32868
2026-05-10 14:00:00+00:00,VIRTUALUSDT,VIRTUAL,USDT,33489309.7,30776675.6143
2026-05-10 15:00:00+00:00,VIRTUALUSDT,VIRTUAL,USDT,33453148.2,30485853.95466
2026-05-10 16:00:00+00:00,VIRTUALUSDT,VIRTUAL,USDT,33611950.2,30865473.71750324
2026-05-10 17:00:00+00:00,VIRTUALUSDT,VIRTUAL,USDT,33530465.6,30810196.26296818
2026-05-10 18:00:00+00:00,VIRTUALUSDT,VIRTUAL,USDT,33357599.3,30831619.110479
2026-05-10 19:00:00+00:00,VIRTUALUSDT,VIRTUAL,USDT,33357007.5,30668183.1850839
2026-05-10 20:00:00+00:00,VIRTUALUSDT,VIRTUAL,USDT,33308476.5,30593835.66525
2026-05-10 21:00:00+00:00,VIRTUALUSDT,VIRTUAL,USDT,32917308.3,29387476.04552744
2026-05-10 22:00:00+00:00,VIRTUALUSDT,VIRTUAL,USDT,32931878.6,29538821.19563885
2026-05-10 23:00:00+00:00,VIRTUALUSDT,VIRTUAL,USDT,32825805.3,30058589.91321
2026-05-11 00:00:00+00:00,VIRTUALUSDT,VIRTUAL,USDT,31657157.4,28687716.03588
2026-05-11 01:00:00+00:00,VIRTUALUSDT,VIRTUAL,USDT,31562040.2,28030247.90162
2026-05-11 02:00:00+00:00,VIRTUALUSDT,VIRTUAL,USDT,31434143.9,27999730.7519187
2026-05-11 03:00:00+00:00,VIRTUALUSDT,VIRTUAL,USDT,31283809.5,27348306.2649
2026-05-11 04:00:00+00:00,VIRTUALUSDT,VIRTUAL,USDT,30883059.8,26920763.22766
2026-05-11 05:00:00+00:00,VIRTUALUSDT,VIRTUAL,USDT,30800908.7,27002006.85936823
2026-05-11 06:00:00+00:00,VIRTUALUSDT,VIRTUAL,USDT,30568349.2,26651490.28216657
2026-05-11 07:00:00+00:00,VIRTUALUSDT,VIRTUAL,USDT,30603561.7,26782955.21664039
2026-05-11 08:00:00+00:00,VIRTUALUSDT,VIRTUAL,USDT,30647873.8,26691755.22571081
2026-05-11 09:00:00+00:00,VIRTUALUSDT,VIRTUAL,USDT,30650707.1,26672162.56151083
2026-05-11 10:00:00+00:00,VIRTUALUSDT,VIRTUAL,USDT,30556649.2,26779847.35888
2026-05-11 11:00:00+00:00,VIRTUALUSDT,VIRTUAL,USDT,30459824.5,26635369.95891317
2026-05-11 12:00:00+00:00,VIRTUALUSDT,VIRTUAL,USDT,30308683.6,26456449.91444
2026-05-11 13:00:00+00:00,VIRTUALUSDT,VIRTUAL,USDT,30426372.5,26416176.6045
2026-05-11 14:00:00+00:00,VIRTUALUSDT,VIRTUAL,USDT,30245737.1,26156513.44408
2026-05-11 15:00:00+00:00,VIRTUALUSDT,VIRTUAL,USDT,30182622.2,26056657.74526
2026-05-11 16:00:00+00:00,VIRTUALUSDT,VIRTUAL,USDT,30070829.2,26369110.12548
2026-05-11 17:00:00+00:00,VIRTUALUSDT,VIRTUAL,USDT,30042681.2,26110094.23092
2026-05-11 18:00:00+00:00,VIRTUALUSDT,VIRTUAL,USDT,29935966.6,26152060.42176
2026-05-11 19:00:00+00:00,VIRTUALUSDT,VIRTUAL,USDT,29996630.9,26124065.85081
2026-05-11 20:00:00+00:00,VIRTUALUSDT,VIRTUAL,USDT,30047356.9,26306460.96595
2026-05-11 21:00:00+00:00,VIRTUALUSDT,VIRTUAL,USDT,30054680.6,26147653.26963762
2026-05-11 22:00:00+00:00,VIRTUALUSDT,VIRTUAL,USDT,30147223.9,26152716.73325
2026-05-11 23:00:00+00:00,VIRTUALUSDT,VIRTUAL,USDT,30244668.4,26146515.8318
2026-05-12 00:00:00+00:00,VIRTUALUSDT,VIRTUAL,USDT,30402238.0,26200648.7084
2026-05-12 01:00:00+00:00,VIRTUALUSDT,VIRTUAL,USDT,30613682.4,26401239.70176
2026-05-12 02:00:00+00:00,VIRTUALUSDT,VIRTUAL,USDT,30973372.7,26153915.90788
2026-05-12 03:00:00+00:00,VIRTUALUSDT,VIRTUAL,USDT,30853505.8,26281016.24044
2026-05-12 04:00:00+00:00,VIRTUALUSDT,VIRTUAL,USDT,30643325.6,25954571.04464887
2026-05-12 05:00:00+00:00,VIRTUALUSDT,VIRTUAL,USDT,30800412.2,26133078.82136781
2026-05-12 06:00:00+00:00,VIRTUALUSDT,VIRTUAL,USDT,31050776.6,26211104.74917771
2026-05-12 07:00:00+00:00,VIRTUALUSDT,VIRTUAL,USDT,31492290.3,26431248.72522501
2026-05-12 08:00:00+00:00,VIRTUALUSDT,VIRTUAL,USDT,31590188.3,26483454.92903546
2026-05-12 09:00:00+00:00,VIRTUALUSDT,VIRTUAL,USDT,31764842.8,26559623.77543956
2026-05-12 10:00:00+00:00,VIRTUALUSDT,VIRTUAL,USDT,31871071.1,26621905.68983
2026-05-12 11:00:00+00:00,VIRTUALUSDT,VIRTUAL,USDT,31820723.7,26376197.87493
2026-05-12 12:00:00+00:00,VIRTUALUSDT,VIRTUAL,USDT,31862316.2,26378811.58198
2026-05-12 13:00:00+00:00,VIRTUALUSDT,VIRTUAL,USDT,32109855.9,26589873.69132725
2026-05-12 14:00:00+00:00,VIRTUALUSDT,VIRTUAL,USDT,32175890.6,26408375.40206515
2026-05-12 15:00:00+00:00,VIRTUALUSDT,VIRTUAL,USDT,31734676.4,25800291.9132
2026-05-12 16:00:00+00:00,VIRTUALUSDT,VIRTUAL,USDT,31557516.9,25613433.90236467
2026-05-12 17:00:00+00:00,VIRTUALUSDT,VIRTUAL,USDT,30991858.3,24892127.21667866
2026-05-12 18:00:00+00:00,VIRTUALUSDT,VIRTUAL,USDT,30970938.7,25020198.02365135
2026-05-12 19:00:00+00:00,VIRTUALUSDT,VIRTUAL,USDT,31023178.7,25086760.67655017
2026-05-12 20:00:00+00:00,VIRTUALUSDT,VIRTUAL,USDT,31095700.1,25290132.89133
2026-05-12 21:00:00+00:00,VIRTUALUSDT,VIRTUAL,USDT,30996398.4,25218200.45276823
2026-05-12 22:00:00+00:00,VIRTUALUSDT,VIRTUAL,USDT,30736833.2,25105845.35776
2026-05-12 23:00:00+00:00,VIRTUALUSDT,VIRTUAL,USDT,30554871.5,24892549.96121896
2026-05-13 00:00:00+00:00,VIRTUALUSDT,VIRTUAL,USDT,30518827.8,24773466.50322314
2026-05-13 01:00:00+00:00,VIRTUALUSDT,VIRTUAL,USDT,30582645.9,24940147.73145
2026-05-13 02:00:00+00:00,VIRTUALUSDT,VIRTUAL,USDT,30313538.3,25048076.69729
2026-05-13 03:00:00+00:00,VIRTUALUSDT,VIRTUAL,USDT,30056442.2,25000948.62196
2026-05-13 04:00:00+00:00,VIRTUALUSDT,VIRTUAL,USDT,29977913.0,24962608.1551
2026-05-13 05:00:00+00:00,VIRTUALUSDT,VIRTUAL,USDT,29839856.4,24710385.08484
2026-05-13 06:00:00+00:00,VIRTUALUSDT,VIRTUAL,USDT,29630623.9,24337761.55462217
2026-05-13 07:00:00+00:00,VIRTUALUSDT,VIRTUAL,USDT,29851197.1,24549624.49504
2026-05-13 08:00:00+00:00,VIRTUALUSDT,VIRTUAL,USDT,29846217.9,24529204.31669306
2026-05-13 09:00:00+00:00,VIRTUALUSDT,VIRTUAL,USDT,29959308.9,24800933.96796261
2026-05-13 10:00:00+00:00,VIRTUALUSDT,VIRTUAL,USDT,30130336.1,25118958.26582879
2026-05-13 11:00:00+00:00,VIRTUALUSDT,VIRTUAL,USDT,30109709.1,24620709.13107
2026-05-13 12:00:00+00:00,VIRTUALUSDT,VIRTUAL,USDT,30249858.0,24481210.0794
2026-05-13 13:00:00+00:00,VIRTUALUSDT,VIRTUAL,USDT,29800761.0,23670744.4623
2026-05-13 14:00:00+00:00,VIRTUALUSDT,VIRTUAL,USDT,30096983.7,23721382.23560425
2026-05-13 15:00:00+00:00,VIRTUALUSDT,VIRTUAL,USDT,30051478.7,23776157.46677076
2026-05-13 16:00:00+00:00,VIRTUALUSDT,VIRTUAL,USDT,29845980.6,22803662.69681321
2026-05-13 17:00:00+00:00,VIRTUALUSDT,VIRTUAL,USDT,29996039.4,23212718.85222273
2026-05-13 18:00:00+00:00,VIRTUALUSDT,VIRTUAL,USDT,30075194.6,23361183.79658837
2026-05-13 19:00:00+00:00,VIRTUALUSDT,VIRTUAL,USDT,29792227.5,23225385.68663197
2026-05-13 20:00:00+00:00,VIRTUALUSDT,VIRTUAL,USDT,29790772.7,23129413.82229422
2026-05-13 21:00:00+00:00,VIRTUALUSDT,VIRTUAL,USDT,29702529.5,23132329.9746
2026-05-13 22:00:00+00:00,VIRTUALUSDT,VIRTUAL,USDT,29608831.9,22858018.2268
2026-05-13 23:00:00+00:00,VIRTUALUSDT,VIRTUAL,USDT,29604441.7,22982352.02731514
2026-05-14 00:00:00+00:00,VIRTUALUSDT,VIRTUAL,USDT,29472722.9,22908252.71830276
2026-05-14 01:00:00+00:00,VIRTUALUSDT,VIRTUAL,USDT,29460579.9,22941723.37308279
2026-05-14 02:00:00+00:00,VIRTUALUSDT,VIRTUAL,USDT,29476616.0,22968276.16526664
2026-05-14 03:00:00+00:00,VIRTUALUSDT,VIRTUAL,USDT,29499082.7,22790991.29402
2026-05-14 04:00:00+00:00,VIRTUALUSDT,VIRTUAL,USDT,29509081.3,22551446.0459899
2026-05-14 05:00:00+00:00,VIRTUALUSDT,VIRTUAL,USDT,29690735.5,22882649.84985
2026-05-14 06:00:00+00:00,VIRTUALUSDT,VIRTUAL,USDT,29625835.4,22969698.82535835
2026-05-14 07:00:00+00:00,VIRTUALUSDT,VIRTUAL,USDT,29570760.0,22843448.1763272
2026-05-14 08:00:00+00:00,VIRTUALUSDT,VIRTUAL,USDT,29712806.0,22801607.3244
2026-05-14 09:00:00+00:00,VIRTUALUSDT,VIRTUAL,USDT,29897826.8,22863110.62533535
2026-05-14 10:00:00+00:00,VIRTUALUSDT,VIRTUAL,USDT,29879762.4,22735597.26387571
2026-05-14 11:00:00+00:00,VIRTUALUSDT,VIRTUAL,USDT,30176140.4,23085035.58814082
2026-05-14 12:00:00+00:00,VIRTUALUSDT,VIRTUAL,USDT,30084874.9,22771241.81181
2026-05-14 13:00:00+00:00,VIRTUALUSDT,VIRTUAL,USDT,30013314.9,23066938.75760207
2026-05-14 14:00:00+00:00,VIRTUALUSDT,VIRTUAL,USDT,29979769.7,23102410.53082
2026-05-14 15:00:00+00:00,VIRTUALUSDT,VIRTUAL,USDT,29742344.2,23507364.08666354
2026-05-14 16:00:00+00:00,VIRTUALUSDT,VIRTUAL,USDT,29561478.4,23427471.632
2026-05-14 17:00:00+00:00,VIRTUALUSDT,VIRTUAL,USDT,29721060.1,23803597.03409
2026-05-14 18:00:00+00:00,VIRTUALUSDT,VIRTUAL,USDT,29517478.1,23401456.63768
2026-05-14 19:00:00+00:00,VIRTUALUSDT,VIRTUAL,USDT,29531283.6,23452876.92006933
2026-05-14 20:00:00+00:00,VIRTUALUSDT,VIRTUAL,USDT,29461328.2,23264391.18055252
2026-05-14 21:00:00+00:00,VIRTUALUSDT,VIRTUAL,USDT,29322116.1,23082369.79392
2026-05-14 22:00:00+00:00,VIRTUALUSDT,VIRTUAL,USDT,29249226.9,22987779.08675648
2026-05-14 23:00:00+00:00,VIRTUALUSDT,VIRTUAL,USDT,29217752.6,22991449.52094
2026-05-15 00:00:00+00:00,VIRTUALUSDT,VIRTUAL,USDT,29124081.5,22762235.48531134
2026-05-15 01:00:00+00:00,VIRTUALUSDT,VIRTUAL,USDT,29109722.6,22990858.90948
2026-05-15 02:00:00+00:00,VIRTUALUSDT,VIRTUAL,USDT,29416502.5,23227270.374
2026-05-15 03:00:00+00:00,VIRTUALUSDT,VIRTUAL,USDT,29345797.8,23174376.52266
2026-05-15 04:00:00+00:00,VIRTUALUSDT,VIRTUAL,USDT,29441054.4,23352644.35008
2026-05-15 05:00:00+00:00,VIRTUALUSDT,VIRTUAL,USDT,29410767.0,23056840.78049106
2026-05-15 06:00:00+00:00,VIRTUALUSDT,VIRTUAL,USDT,29219124.9,22442124.05300872
2026-05-15 07:00:00+00:00,VIRTUALUSDT,VIRTUAL,USDT,29410188.5,22834070.3514
2026-05-15 08:00:00+00:00,VIRTUALUSDT,VIRTUAL,USDT,29563297.3,23080066.20211
2026-05-15 09:00:00+00:00,VIRTUALUSDT,VIRTUAL,USDT,29553033.6,22948066.23882422
2026-05-15 10:00:00+00:00,VIRTUALUSDT,VIRTUAL,USDT,29398104.5,22845267.00695
2026-05-15 11:00:00+00:00,VIRTUALUSDT,VIRTUAL,USDT,29391082.0,23079415.91563188
2026-05-15 12:00:00+00:00,VIRTUALUSDT,VIRTUAL,USDT,29535080.9,23134041.1683624
2026-05-15 13:00:00+00:00,VIRTUALUSDT,VIRTUAL,USDT,29506059.5,22952780.20844332
2026-05-15 14:00:00+00:00,VIRTUALUSDT,VIRTUAL,USDT,28747423.2,21385904.66854414
2026-05-15 15:00:00+00:00,VIRTUALUSDT,VIRTUAL,USDT,28750473.8,21502479.35502
2026-05-15 16:00:00+00:00,VIRTUALUSDT,VIRTUAL,USDT,28648135.8,21497561.10432
2026-05-15 17:00:00+00:00,VIRTUALUSDT,VIRTUAL,USDT,28646389.7,21742609.7823
2026-05-15 18:00:00+00:00,VIRTUALUSDT,VIRTUAL,USDT,28619060.9,21840791.15495447
2026-05-15 19:00:00+00:00,VIRTUALUSDT,VIRTUAL,USDT,28573340.8,21781547.69786352
2026-05-15 20:00:00+00:00,VIRTUALUSDT,VIRTUAL,USDT,28502391.3,21570609.73584
2026-05-15 21:00:00+00:00,VIRTUALUSDT,VIRTUAL,USDT,28471467.7,21411300.48201147
2026-05-15 22:00:00+00:00,VIRTUALUSDT,VIRTUAL,USDT,28429332.1,21191224.14734
2026-05-15 23:00:00+00:00,VIRTUALUSDT,VIRTUAL,USDT,28390289.6,21244453.70768
2026-05-16 00:00:00+00:00,VIRTUALUSDT,VIRTUAL,USDT,28343026.7,21215398.58822582
2026-05-16 01:00:00+00:00,VIRTUALUSDT,VIRTUAL,USDT,28363676.4,21258370.67605639
2026-05-16 02:00:00+00:00,VIRTUALUSDT,VIRTUAL,USDT,28353285.6,21219598.94304
2026-05-16 03:00:00+00:00,VIRTUALUSDT,VIRTUAL,USDT,28335216.4,21232878.23495276
2026-05-16 04:00:00+00:00,VIRTUALUSDT,VIRTUAL,USDT,28286575.1,21095638.35183077
2026-05-16 05:00:00+00:00,VIRTUALUSDT,VIRTUAL,USDT,28205909.1,20816758.86096844
2026-05-16 06:00:00+00:00,VIRTUALUSDT,VIRTUAL,USDT,28252196.8,20775274.67107154
2026-05-16 07:00:00+00:00,VIRTUALUSDT,VIRTUAL,USDT,28248164.8,20526385.16876117
2026-05-16 08:00:00+00:00,VIRTUALUSDT,VIRTUAL,USDT,28560867.9,20640235.49154494
2026-05-16 09:00:00+00:00,VIRTUALUSDT,VIRTUAL,USDT,28571499.5,20660402.71789385
2026-05-16 10:00:00+00:00,VIRTUALUSDT,VIRTUAL,USDT,28576724.0,20420602.6245826
2026-05-16 11:00:00+00:00,VIRTUALUSDT,VIRTUAL,USDT,28439030.9,20296157.12388334
2026-05-16 12:00:00+00:00,VIRTUALUSDT,VIRTUAL,USDT,28500102.4,20483023.59488
2026-05-16 13:00:00+00:00,VIRTUALUSDT,VIRTUAL,USDT,28468456.3,20525756.9923
2026-05-16 14:00:00+00:00,VIRTUALUSDT,VIRTUAL,USDT,28520306.4,20551855.14395446
2026-05-16 15:00:00+00:00,VIRTUALUSDT,VIRTUAL,USDT,28459003.4,20610376.81424379
2026-05-16 16:00:00+00:00,VIRTUALUSDT,VIRTUAL,USDT,28387419.1,20620785.02964821
2026-05-16 17:00:00+00:00,VIRTUALUSDT,VIRTUAL,USDT,28396528.7,20627238.44768
2026-05-16 18:00:00+00:00,VIRTUALUSDT,VIRTUAL,USDT,28419311.3,20689579.19623147
2026-05-16 19:00:00+00:00,VIRTUALUSDT,VIRTUAL,USDT,28288926.0,20586595.73184306
2026-05-16 20:00:00+00:00,VIRTUALUSDT,VIRTUAL,USDT,28185130.5,20456767.7169
2026-05-16 21:00:00+00:00,VIRTUALUSDT,VIRTUAL,USDT,28191044.2,20458731.01819864
2026-05-16 22:00:00+00:00,VIRTUALUSDT,VIRTUAL,USDT,28217625.2,20463969.49914513
2026-05-16 23:00:00+00:00,VIRTUALUSDT,VIRTUAL,USDT,28250694.7,20408301.85128
2026-05-17 00:00:00+00:00,VIRTUALUSDT,VIRTUAL,USDT,28268251.3,20387345.520073
2026-05-17 01:00:00+00:00,VIRTUALUSDT,VIRTUAL,USDT,28293146.0,20294673.6258
2026-05-17 02:00:00+00:00,VIRTUALUSDT,VIRTUAL,USDT,28405781.8,20201051.80807855
2026-05-17 03:00:00+00:00,VIRTUALUSDT,VIRTUAL,USDT,28471499.2,20300178.9296
2026-05-17 04:00:00+00:00,VIRTUALUSDT,VIRTUAL,USDT,28507869.1,20474351.58762
2026-05-17 05:00:00+00:00,VIRTUALUSDT,VIRTUAL,USDT,28386203.9,20482252.20526666
2026-05-17 06:00:00+00:00,VIRTUALUSDT,VIRTUAL,USDT,28293914.5,20419718.09465
2026-05-17 07:00:00+00:00,VIRTUALUSDT,VIRTUAL,USDT,28251577.8,20405981.58000856
2026-05-17 08:00:00+00:00,VIRTUALUSDT,VIRTUAL,USDT,28308104.2,20543191.21794
2026-05-17 09:00:00+00:00,VIRTUALUSDT,VIRTUAL,USDT,28257302.8,20508727.92556314
2026-05-17 10:00:00+00:00,VIRTUALUSDT,VIRTUAL,USDT,28181867.7,20524854.24591
2026-05-17 11:00:00+00:00,VIRTUALUSDT,VIRTUAL,USDT,28251163.5,20677026.56565
2026-05-17 12:00:00+00:00,VIRTUALUSDT,VIRTUAL,USDT,28177297.5,20585094.8795019
2026-05-17 13:00:00+00:00,VIRTUALUSDT,VIRTUAL,USDT,28377826.0,20664732.8932
2026-05-17 14:00:00+00:00,VIRTUALUSDT,VIRTUAL,USDT,28246575.9,20505333.14966819
2026-05-17 15:00:00+00:00,VIRTUALUSDT,VIRTUAL,USDT,28151977.8,20384847.12498
2026-05-17 16:00:00+00:00,VIRTUALUSDT,VIRTUAL,USDT,28296225.2,20523252.13756
2026-05-17 17:00:00+00:00,VIRTUALUSDT,VIRTUAL,USDT,28284102.9,20398721.84998526
2026-05-17 18:00:00+00:00,VIRTUALUSDT,VIRTUAL,USDT,28277229.4,20356777.44506
2026-05-17 19:00:00+00:00,VIRTUALUSDT,VIRTUAL,USDT,28386192.9,20507186.93198358
2026-05-17 20:00:00+00:00,VIRTUALUSDT,VIRTUAL,USDT,28388708.2,20692529.40698
2026-05-17 21:00:00+00:00,VIRTUALUSDT,VIRTUAL,USDT,28328199.5,20627387.81131931
2026-05-17 22:00:00+00:00,VIRTUALUSDT,VIRTUAL,USDT,28323389.2,20795032.35064
2026-05-17 23:00:00+00:00,VIRTUALUSDT,VIRTUAL,USDT,28068275.5,20285610.16744139
2026-05-18 00:00:00+00:00,VIRTUALUSDT,VIRTUAL,USDT,26859232.9,18850074.4812564
2026-05-18 01:00:00+00:00,VIRTUALUSDT,VIRTUAL,USDT,27181725.9,19078755.55499676
2026-05-18 02:00:00+00:00,VIRTUALUSDT,VIRTUAL,USDT,27221497.3,19034467.02475136
2026-05-18 03:00:00+00:00,VIRTUALUSDT,VIRTUAL,USDT,27236370.5,19109781.09571465
2026-05-18 04:00:00+00:00,VIRTUALUSDT,VIRTUAL,USDT,27309920.5,19115145.71863587
2026-05-18 05:00:00+00:00,VIRTUALUSDT,VIRTUAL,USDT,27465886.4,19444671.48194435
2026-05-18 06:00:00+00:00,VIRTUALUSDT,VIRTUAL,USDT,27248641.3,19025001.35566
2026-05-18 07:00:00+00:00,VIRTUALUSDT,VIRTUAL,USDT,27413182.9,19022007.61431
2026-05-18 08:00:00+00:00,VIRTUALUSDT,VIRTUAL,USDT,27413386.2,18929971.72135022
2026-05-18 09:00:00+00:00,VIRTUALUSDT,VIRTUAL,USDT,28179831.8,19787877.88996
2026-05-18 10:00:00+00:00,VIRTUALUSDT,VIRTUAL,USDT,27850978.2,19330325.12713314
2026-05-18 11:00:00+00:00,VIRTUALUSDT,VIRTUAL,USDT,27800556.7,19171263.90032
2026-05-18 12:00:00+00:00,VIRTUALUSDT,VIRTUAL,USDT,27979821.7,19602423.57574625
2026-05-18 13:00:00+00:00,VIRTUALUSDT,VIRTUAL,USDT,27751416.2,19675642.80262104
2026-05-18 14:00:00+00:00,VIRTUALUSDT,VIRTUAL,USDT,27345508.4,19293206.97952707
2026-05-18 15:00:00+00:00,VIRTUALUSDT,VIRTUAL,USDT,27335550.1,19015468.07925515
2026-05-18 16:00:00+00:00,VIRTUALUSDT,VIRTUAL,USDT,27472700.6,19120999.6176
2026-05-18 17:00:00+00:00,VIRTUALUSDT,VIRTUAL,USDT,27472191.3,19161853.43175
2026-05-18 18:00:00+00:00,VIRTUALUSDT,VIRTUAL,USDT,27392667.9,19172128.26321
2026-05-18 19:00:00+00:00,VIRTUALUSDT,VIRTUAL,USDT,27414663.5,18863224.78568301
2026-05-18 20:00:00+00:00,VIRTUALUSDT,VIRTUAL,USDT,27421225.0,19395032.4425
2026-05-18 21:00:00+00:00,VIRTUALUSDT,VIRTUAL,USDT,27286656.1,19328769.98479822
2026-05-18 22:00:00+00:00,VIRTUALUSDT,VIRTUAL,USDT,27356477.7,19688457.00069
2026-05-18 23:00:00+00:00,VIRTUALUSDT,VIRTUAL,USDT,27018390.8,19565389.58271655
2026-05-19 00:00:00+00:00,VIRTUALUSDT,VIRTUAL,USDT,27130731.7,19612805.94593
2026-05-19 01:00:00+00:00,VIRTUALUSDT,VIRTUAL,USDT,27019756.1,19619044.90421
2026-05-19 02:00:00+00:00,VIRTUALUSDT,VIRTUAL,USDT,26934166.0,19274561.07618832
2026-05-19 03:00:00+00:00,VIRTUALUSDT,VIRTUAL,USDT,26945759.1,19226163.15505544
2026-05-19 04:00:00+00:00,VIRTUALUSDT,VIRTUAL,USDT,26931738.8,19311213.97641624
2026-05-19 05:00:00+00:00,VIRTUALUSDT,VIRTUAL,USDT,27002725.5,19396057.72665
2026-05-19 06:00:00+00:00,VIRTUALUSDT,VIRTUAL,USDT,27015379.5,19370027.1015
2026-05-19 07:00:00+00:00,VIRTUALUSDT,VIRTUAL,USDT,27024449.4,19581141.51452019
2026-05-19 08:00:00+00:00,VIRTUALUSDT,VIRTUAL,USDT,27078268.2,19729226.21052
2026-05-19 09:00:00+00:00,VIRTUALUSDT,VIRTUAL,USDT,26943171.9,19439498.52585
2026-05-19 10:00:00+00:00,VIRTUALUSDT,VIRTUAL,USDT,26845387.1,19264484.41164326
2026-05-19 11:00:00+00:00,VIRTUALUSDT,VIRTUAL,USDT,26736955.3,19103554.56185
2026-05-19 12:00:00+00:00,VIRTUALUSDT,VIRTUAL,USDT,26567203.2,18833490.34848
2026-05-19 13:00:00+00:00,VIRTUALUSDT,VIRTUAL,USDT,26558233.7,18926892.29759497
2026-05-19 14:00:00+00:00,VIRTUALUSDT,VIRTUAL,USDT,26643340.2,19060645.57908
2026-05-19 15:00:00+00:00,VIRTUALUSDT,VIRTUAL,USDT,26455413.4,18680884.87255141
2026-05-19 16:00:00+00:00,VIRTUALUSDT,VIRTUAL,USDT,26596744.3,18785280.49909
2026-05-19 17:00:00+00:00,VIRTUALUSDT,VIRTUAL,USDT,26595231.3,19036969.48808513
2026-05-19 18:00:00+00:00,VIRTUALUSDT,VIRTUAL,USDT,26641070.0,18982487.2785147
2026-05-19 19:00:00+00:00,VIRTUALUSDT,VIRTUAL,USDT,26689009.8,18906494.54232
2026-05-19 20:00:00+00:00,VIRTUALUSDT,VIRTUAL,USDT,26672035.0,18862666.12618635
2026-05-19 21:00:00+00:00,VIRTUALUSDT,VIRTUAL,USDT,26669636.6,18952979.13893906
2026-05-19 22:00:00+00:00,VIRTUALUSDT,VIRTUAL,USDT,26668023.2,18855839.68110606
2026-05-19 23:00:00+00:00,VIRTUALUSDT,VIRTUAL,USDT,26587967.3,18678437.33960997
2026-05-20 00:00:00+00:00,VIRTUALUSDT,VIRTUAL,USDT,26585314.1,18735948.53646565
2026-05-20 01:00:00+00:00,VIRTUALUSDT,VIRTUAL,USDT,26450101.0,18634096.1545
2026-05-20 02:00:00+00:00,VIRTUALUSDT,VIRTUAL,USDT,26489619.3,18717564.99738
2026-05-20 03:00:00+00:00,VIRTUALUSDT,VIRTUAL,USDT,26462818.7,18553086.95387737
2026-05-20 04:00:00+00:00,VIRTUALUSDT,VIRTUAL,USDT,26485973.7,18622288.10847
2026-05-20 05:00:00+00:00,VIRTUALUSDT,VIRTUAL,USDT,26516010.8,18696499.67158463
2026-05-20 06:00:00+00:00,VIRTUALUSDT,VIRTUAL,USDT,26579320.3,19065346.45119
2026-05-20 07:00:00+00:00,VIRTUALUSDT,VIRTUAL,USDT,26607012.9,19178898.1687831
2026-05-20 08:00:00+00:00,VIRTUALUSDT,VIRTUAL,USDT,26861726.6,19348501.66998
2026-05-20 09:00:00+00:00,VIRTUALUSDT,VIRTUAL,USDT,26874016.2,19347828.10507775
2026-05-20 10:00:00+00:00,VIRTUALUSDT,VIRTUAL,USDT,26910981.9,19342188.31500876
2026-05-20 11:00:00+00:00,VIRTUALUSDT,VIRTUAL,USDT,26940959.3,19397490.696
2026-05-20 12:00:00+00:00,VIRTUALUSDT,VIRTUAL,USDT,26707803.8,19091147.31979422
2026-05-20 13:00:00+00:00,VIRTUALUSDT,VIRTUAL,USDT,26863426.8,19441061.97516
2026-05-20 14:00:00+00:00,VIRTUALUSDT,VIRTUAL,USDT,26785054.0,19158609.05515798
2026-05-20 15:00:00+00:00,VIRTUALUSDT,VIRTUAL,USDT,26887477.2,19626994.73023234
2026-05-20 16:00:00+00:00,VIRTUALUSDT,VIRTUAL,USDT,27042370.7,19881550.93864
2026-05-20 17:00:00+00:00,VIRTUALUSDT,VIRTUAL,USDT,26972900.5,19763015.06561746
2026-05-20 18:00:00+00:00,VIRTUALUSDT,VIRTUAL,USDT,27065422.3,19837106.78951958
2026-05-20 19:00:00+00:00,VIRTUALUSDT,VIRTUAL,USDT,27101617.9,19734128.44398139
2026-05-20 20:00:00+00:00,VIRTUALUSDT,VIRTUAL,USDT,27049303.6,19716237.39404
2026-05-20 21:00:00+00:00,VIRTUALUSDT,VIRTUAL,USDT,27045306.3,19796580.57389005
2026-05-20 22:00:00+00:00,VIRTUALUSDT,VIRTUAL,USDT,26973098.3,19644507.49189
2026-05-20 23:00:00+00:00,VIRTUALUSDT,VIRTUAL,USDT,26885245.6,19588589.94416
2026-05-21 00:00:00+00:00,VIRTUALUSDT,VIRTUAL,USDT,26833825.1,19506418.7418904
2026-05-21 01:00:00+00:00,VIRTUALUSDT,VIRTUAL,USDT,26951570.3,19839050.89783
2026-05-21 02:00:00+00:00,VIRTUALUSDT,VIRTUAL,USDT,26856680.5,19779945.18825
2026-05-21 03:00:00+00:00,VIRTUALUSDT,VIRTUAL,USDT,26854561.1,19765844.24429875
2026-05-21 04:00:00+00:00,VIRTUALUSDT,VIRTUAL,USDT,26896678.6,19961796.6043126
2026-05-21 05:00:00+00:00,VIRTUALUSDT,VIRTUAL,USDT,26905321.8,19929261.53411676
2026-05-21 06:00:00+00:00,VIRTUALUSDT,VIRTUAL,USDT,26708832.6,19592750.25448332
2026-05-21 07:00:00+00:00,VIRTUALUSDT,VIRTUAL,USDT,26764542.7,19594321.71067
2026-05-21 08:00:00+00:00,VIRTUALUSDT,VIRTUAL,USDT,26869446.3,19842640.59713035
2026-05-21 09:00:00+00:00,VIRTUALUSDT,VIRTUAL,USDT,26824240.2,19868714.71614
2026-05-21 10:00:00+00:00,VIRTUALUSDT,VIRTUAL,USDT,26844206.3,19666197.34043293
2026-05-21 11:00:00+00:00,VIRTUALUSDT,VIRTUAL,USDT,26469809.5,19096163.63673258
2026-05-21 12:00:00+00:00,VIRTUALUSDT,VIRTUAL,USDT,26532440.2,19132542.62822
2026-05-21 13:00:00+00:00,VIRTUALUSDT,VIRTUAL,USDT,26416287.7,19104259.26464
2026-05-21 14:00:00+00:00,VIRTUALUSDT,VIRTUAL,USDT,26460920.1,19282072.47687
2026-05-21 15:00:00+00:00,VIRTUALUSDT,VIRTUAL,USDT,26401156.4,19166122.77748428
2026-05-21 16:00:00+00:00,VIRTUALUSDT,VIRTUAL,USDT,26493244.6,19420584.17766386
2026-05-21 17:00:00+00:00,VIRTUALUSDT,VIRTUAL,USDT,26458508.3,19402713.11594613
2026-05-21 18:00:00+00:00,VIRTUALUSDT,VIRTUAL,USDT,26531961.8,19944476.05236356
2026-05-21 19:00:00+00:00,VIRTUALUSDT,VIRTUAL,USDT,26526546.5,19722487.32275
2026-05-21 20:00:00+00:00,VIRTUALUSDT,VIRTUAL,USDT,26536693.1,19939671.19534
2026-05-21 21:00:00+00:00,VIRTUALUSDT,VIRTUAL,USDT,26621974.0,20103547.7264351
2026-05-21 22:00:00+00:00,VIRTUALUSDT,VIRTUAL,USDT,26648481.9,20090290.50441
2026-05-21 23:00:00+00:00,VIRTUALUSDT,VIRTUAL,USDT,26535629.7,19859265.26748
2026-05-22 00:00:00+00:00,VIRTUALUSDT,VIRTUAL,USDT,26517569.3,19938560.35667
2026-05-22 01:00:00+00:00,VIRTUALUSDT,VIRTUAL,USDT,26511197.9,19697285.04372638
2026-05-22 02:00:00+00:00,VIRTUALUSDT,VIRTUAL,USDT,26414242.6,19781626.28314
2026-05-22 03:00:00+00:00,VIRTUALUSDT,VIRTUAL,USDT,26463645.0,19904020.07045985
2026-05-22 04:00:00+00:00,VIRTUALUSDT,VIRTUAL,USDT,26677216.0,20165307.5744
2026-05-22 05:00:00+00:00,VIRTUALUSDT,VIRTUAL,USDT,26731831.7,20409753.50295
2026-05-22 06:00:00+00:00,VIRTUALUSDT,VIRTUAL,USDT,26782182.1,20558201.43592936
2026-05-22 07:00:00+00:00,VIRTUALUSDT,VIRTUAL,USDT,27160413.7,20943395.00407
2026-05-22 08:00:00+00:00,VIRTUALUSDT,VIRTUAL,USDT,27390360.3,21226877.88973207
2026-05-22 09:00:00+00:00,VIRTUALUSDT,VIRTUAL,USDT,27617579.9,21458859.5823
2026-05-22 10:00:00+00:00,VIRTUALUSDT,VIRTUAL,USDT,27555748.4,21205001.24421298
2026-05-22 11:00:00+00:00,VIRTUALUSDT,VIRTUAL,USDT,27529824.1,21222741.39869
2026-05-22 12:00:00+00:00,VIRTUALUSDT,VIRTUAL,USDT,27667850.7,21647986.81927621
2026-05-22 13:00:00+00:00,VIRTUALUSDT,VIRTUAL,USDT,28667600.0,23341159.92
2026-05-22 14:00:00+00:00,VIRTUALUSDT,VIRTUAL,USDT,29413968.4,23357632.30644
2026-05-22 15:00:00+00:00,VIRTUALUSDT,VIRTUAL,USDT,29544134.2,22977784.04057445
2026-05-22 16:00:00+00:00,VIRTUALUSDT,VIRTUAL,USDT,29857898.2,23358457.79193238
2026-05-22 17:00:00+00:00,VIRTUALUSDT,VIRTUAL,USDT,30281427.9,24010144.18191
2026-05-22 18:00:00+00:00,VIRTUALUSDT,VIRTUAL,USDT,30186073.2,23638713.92292
2026-05-22 19:00:00+00:00,VIRTUALUSDT,VIRTUAL,USDT,29733571.0,22534837.67368197
2026-05-22 20:00:00+00:00,VIRTUALUSDT,VIRTUAL,USDT,29189114.1,21497782.53465
2026-05-22 21:00:00+00:00,VIRTUALUSDT,VIRTUAL,USDT,29407558.9,21839158.96335464
2026-05-22 22:00:00+00:00,VIRTUALUSDT,VIRTUAL,USDT,29461353.1,21832746.99524428
2026-05-22 23:00:00+00:00,VIRTUALUSDT,VIRTUAL,USDT,29126202.0,21378632.268
2026-05-23 00:00:00+00:00,VIRTUALUSDT,VIRTUAL,USDT,28332741.2,20266409.78036
2026-05-23 01:00:00+00:00,VIRTUALUSDT,VIRTUAL,USDT,27637308.4,19703020.48782751
2026-05-23 02:00:00+00:00,VIRTUALUSDT,VIRTUAL,USDT,27730612.4,19811361.51317567
2026-05-23 03:00:00+00:00,VIRTUALUSDT,VIRTUAL,USDT,27876812.6,19951434.77782
2026-05-23 04:00:00+00:00,VIRTUALUSDT,VIRTUAL,USDT,27900891.8,19951927.72618
2026-05-23 05:00:00+00:00,VIRTUALUSDT,VIRTUAL,USDT,27907839.6,19875963.36312
2026-05-23 06:00:00+00:00,VIRTUALUSDT,VIRTUAL,USDT,28255896.4,20190714.16932096
2026-05-23 07:00:00+00:00,VIRTUALUSDT,VIRTUAL,USDT,28167690.8,20018777.85156
2026-05-23 08:00:00+00:00,VIRTUALUSDT,VIRTUAL,USDT,27364182.6,18821084.79228
2026-05-23 09:00:00+00:00,VIRTUALUSDT,VIRTUAL,USDT,27668649.8,19221411.01606
2026-05-23 10:00:00+00:00,VIRTUALUSDT,VIRTUAL,USDT,27699228.4,19356068.4601638
2026-05-23 11:00:00+00:00,VIRTUALUSDT,VIRTUAL,USDT,27733709.6,19460744.02632
2026-05-23 12:00:00+00:00,VIRTUALUSDT,VIRTUAL,USDT,27779919.0,19462611.2514
2026-05-23 13:00:00+00:00,VIRTUALUSDT,VIRTUAL,USDT,27736487.9,19470849.473697
2026-05-23 14:00:00+00:00,VIRTUALUSDT,VIRTUAL,USDT,27759795.8,19709455.018
2026-05-23 15:00:00+00:00,VIRTUALUSDT,VIRTUAL,USDT,27807676.9,20132676.59910668
2026-05-23 16:00:00+00:00,VIRTUALUSDT,VIRTUAL,USDT,27903943.0,20353136.0242
2026-05-23 17:00:00+00:00,VIRTUALUSDT,VIRTUAL,USDT,27810449.7,20276598.87627
2026-05-23 18:00:00+00:00,VIRTUALUSDT,VIRTUAL,USDT,27895052.8,20260176.84864
2026-05-23 19:00:00+00:00,VIRTUALUSDT,VIRTUAL,USDT,28203161.3,20983975.25747835
2026-05-23 20:00:00+00:00,VIRTUALUSDT,VIRTUAL,USDT,28066165.6,21111369.76432
2026-05-23 21:00:00+00:00,VIRTUALUSDT,VIRTUAL,USDT,28016232.3,21785673.26192141
2026-05-23 22:00:00+00:00,VIRTUALUSDT,VIRTUAL,USDT,27874092.7,21216817.77638859
2026-05-23 23:00:00+00:00,VIRTUALUSDT,VIRTUAL,USDT,27954508.5,21354141.82310158
2026-05-24 00:00:00+00:00,VIRTUALUSDT,VIRTUAL,USDT,27970907.1,21450888.65499
2026-05-24 01:00:00+00:00,VIRTUALUSDT,VIRTUAL,USDT,28060621.9,21446733.31817
2026-05-24 02:00:00+00:00,VIRTUALUSDT,VIRTUAL,USDT,28029787.6,21402621.10866708
2026-05-24 03:00:00+00:00,VIRTUALUSDT,VIRTUAL,USDT,27960452.0,21235963.294
2026-05-24 04:00:00+00:00,VIRTUALUSDT,VIRTUAL,USDT,27989082.2,21156947.23498
2026-05-24 05:00:00+00:00,VIRTUALUSDT,VIRTUAL,USDT,27966280.0,21094335.2033744
2026-05-24 06:00:00+00:00,VIRTUALUSDT,VIRTUAL,USDT,28249672.2,21323967.30862501
2026-05-24 07:00:00+00:00,VIRTUALUSDT,VIRTUAL,USDT,28927816.9,22237156.80277294
2026-05-24 08:00:00+00:00,VIRTUALUSDT,VIRTUAL,USDT,28977517.1,22069277.02336
2026-05-24 09:00:00+00:00,VIRTUALUSDT,VIRTUAL,USDT,29125918.0,22359967.2486
2026-05-24 10:00:00+00:00,VIRTUALUSDT,VIRTUAL,USDT,29265068.5,22431675.00525
2026-05-24 11:00:00+00:00,VIRTUALUSDT,VIRTUAL,USDT,29168461.6,22170437.79745123
2026-05-24 12:00:00+00:00,VIRTUALUSDT,VIRTUAL,USDT,29098425.4,22129292.28295942
2026-05-24 13:00:00+00:00,VIRTUALUSDT,VIRTUAL,USDT,29014472.6,22132990.01354144
2026-05-24 14:00:00+00:00,VIRTUALUSDT,VIRTUAL,USDT,28778572.0,21650119.7156
2026-05-24 15:00:00+00:00,VIRTUALUSDT,VIRTUAL,USDT,28859060.5,21652953.09315
2026-05-24 16:00:00+00:00,VIRTUALUSDT,VIRTUAL,USDT,28081498.5,21041466.82605
